-9.996891820008162455e-01
-9.987569212189223444e-01
-9.972037971811801293e-01
-9.950307753654014098e-01
-9.922392066001720634e-01
-9.888308262251285230e-01
-9.848077530122080203e-01
-9.801724878485438275e-01
-9.749279121818236193e-01
-9.690772862290779610e-01
-9.626242469500120302e-01
-9.555728057861407887e-01
-9.479273461671318124e-01
-9.396926207859084279e-01
-9.308737486442042464e-01
-9.214762118704076244e-01
-9.115058523116731370e-01
-9.009688679024191460e-01
-8.898718088114686564e-01
-8.782215733702285476e-01
-8.660254037844387076e-01
-8.532908816321557177e-01
-8.400259231507715141e-01
-8.262387743159949061e-01
-8.119380057158565034e-01
-7.971325072229225039e-01
-7.818314824680298036e-01
-7.660444431189780135e-01
-7.497812029677342061e-01
-7.330518718298263403e-01
-7.158668492597184407e-01
-6.982368180860728524e-01
-6.801727377709193556e-01
-6.616858375968595052e-01
-6.427876096865393629e-01
-6.234898018587335944e-01
-6.038044103254773809e-01
-5.837436722347899565e-01
-5.633200580636219534e-01
-5.425462638657594372e-01
-5.214352033794980024e-01
-5.000000000000001110e-01
-4.782539786213182431e-01
-4.562106573531630738e-01
-4.338837391175581759e-01
-4.112871031306116754e-01
-3.884347962746947935e-01
-3.653410243663952062e-01
-3.420201433256688239e-01
-3.184866502516846554e-01
-2.947551744109043192e-01
-2.708404681430051641e-01
-2.467573976902935617e-01
-2.225209339563144484e-01
-1.981461431993975508e-01
-1.736481776669304145e-01
-1.490422661761744150e-01
-1.243437046474852731e-01
-9.956784659581666141e-02
-7.473009358642439259e-02
-4.984588566069719784e-02
-2.493069173807303460e-02
-6.123233995736766036e-17
2.493069173807269112e-02
4.984588566069729498e-02
7.473009358642426769e-02
9.956784659581653651e-02
-1.243437046474849400e-01
-1.490422661761745260e-01
-1.736481776669303034e-01
-1.981461431993974120e-01
-2.225209339563143374e-01
-2.467573976902936728e-01
-2.708404681430049976e-01
-2.947551744109042082e-01
-3.184866502516843223e-01
-3.420201433256687129e-01
-3.653410243663950951e-01
-3.884347962746946825e-01
-4.112871031306113978e-01
-4.338837391175580649e-01
-4.562106573531629627e-01
-4.782539786213179100e-01
-4.999999999999997780e-01
-5.214352033794980024e-01
-5.425462638657593262e-01
-5.633200580636220645e-01
-5.837436722347896234e-01
-6.038044103254776029e-01
-6.234898018587334834e-01
-6.427876096865393629e-01
-6.616858375968591721e-01
-6.801727377709194666e-01
-6.982368180860727414e-01
-7.158668492597184407e-01
-7.330518718298260072e-01
-7.497812029677342061e-01
-7.660444431189779024e-01
-7.818314824680296926e-01
-7.971325072229221709e-01
-8.119380057158565034e-01
-8.262387743159946840e-01
-8.400259231507714031e-01
-8.532908816321556067e-01
-8.660254037844387076e-01
-8.782215733702286586e-01
-8.898718088114685454e-01
-9.009688679024190350e-01
-9.115058523116731370e-01
-9.214762118704077354e-01
-9.308737486442041353e-01
-9.396926207859083169e-01
-9.479273461671317014e-01
-9.555728057861407887e-01
-9.626242469500120302e-01
-9.690772862290778500e-01
-9.749279121818236193e-01
-9.801724878485438275e-01
-9.848077530122080203e-01
-9.888308262251285230e-01
-9.922392066001720634e-01
-9.950307753654014098e-01
-9.972037971811801293e-01
-9.987569212189223444e-01
-9.996891820008162455e-01
-1.000000000000000000e+00
-9.996891820008162455e-01
-9.987569212189223444e-01
-9.972037971811801293e-01
-9.950307753654014098e-01
-9.922392066001720634e-01
-9.888308262251285230e-01
-9.848077530122080203e-01
-9.801724878485439385e-01
-9.749279121818236193e-01
-9.690772862290780720e-01
-9.626242469500121413e-01
-9.555728057861406777e-01
-9.479273461671317014e-01
-9.396926207859084279e-01
-9.308737486442042464e-01
-9.214762118704077354e-01
-9.115058523116732481e-01
-9.009688679024191460e-01
-8.898718088114688785e-01
-8.782215733702285476e-01
-8.660254037844385966e-01
-8.532908816321557177e-01
-8.400259231507715141e-01
-8.262387743159949061e-01
-8.119380057158567254e-01
-7.971325072229226150e-01
-7.818314824680301367e-01
-7.660444431189780135e-01
-7.497812029677342061e-01
-7.330518718298262293e-01
-7.158668492597185518e-01
-6.982368180860728524e-01
-6.801727377709196887e-01
-6.616858375968597272e-01
-6.427876096865394739e-01
-6.234898018587337054e-01
-6.038044103254773809e-01
-5.837436722347898455e-01
-5.633200580636219534e-01
-5.425462638657599923e-01
-5.214352033794985575e-01
-5.000000000000004441e-01
-4.782539786213185207e-01
-4.562106573531631848e-01
-4.338837391175582869e-01
-4.112871031306116199e-01
-3.884347962746946825e-01
-3.653410243663948731e-01
-3.420201433256693790e-01
-3.184866502516849884e-01
-2.947551744109046523e-01
-2.708404681430046090e-01
-2.467573976902938948e-01
-2.225209339563145872e-01
-1.981461431993976618e-01
-1.736481776669303312e-01
-1.490422661761752199e-01
-1.243437046474858421e-01
-9.956784659581723040e-02
-7.473009358642383748e-02
-4.984588566069754478e-02
-2.493069173807315603e-02
-1.836970198721029688e-16
2.493069173807278827e-02
4.984588566069717702e-02
7.473009358642347666e-02
9.956784659581686958e-02
1.243437046474854812e-01
1.490422661761748313e-01
1.736481776669299704e-01
1.981461431993973010e-01
-2.225209339563142263e-01
-2.467573976902935340e-01
-2.708404681430042760e-01
-2.947551744109043192e-01
-3.184866502516845999e-01
-3.420201433256689905e-01
-3.653410243663945400e-01
-3.884347962746943494e-01
-4.112871031306112868e-01
-4.338837391175579539e-01
-4.562106573531628517e-01
-4.782539786213181876e-01
-5.000000000000001110e-01
-5.214352033794982244e-01
-5.425462638657596592e-01
-5.633200580636216204e-01
-5.837436722347895124e-01
-6.038044103254771588e-01
-6.234898018587333723e-01
-6.427876096865392519e-01
-6.616858375968593942e-01
-6.801727377709194666e-01
-6.982368180860729634e-01
-7.158668492597179966e-01
-7.330518718298260072e-01
-7.497812029677338730e-01
-7.660444431189777914e-01
-7.818314824680296926e-01
-7.971325072229223929e-01
-8.119380057158565034e-01
-8.262387743159949061e-01
-8.400259231507710700e-01
-8.532908816321553847e-01
-8.660254037844383745e-01
-8.782215733702283256e-01
-8.898718088114684344e-01
-9.009688679024190350e-01
-9.115058523116731370e-01
-9.214762118704076244e-01
-9.308737486442042464e-01
-9.396926207859080948e-01
-9.479273461671315903e-01
-9.555728057861405667e-01
-9.626242469500122523e-01
-9.690772862290778500e-01
-9.749279121818235083e-01
-9.801724878485438275e-01
-9.848077530122080203e-01
-9.888308262251284120e-01
-9.922392066001719524e-01
-9.950307753654012988e-01
-9.972037971811801293e-01
-9.987569212189223444e-01
-9.996891820008162455e-01
-1.000000000000000000e+00
-9.996891820008162455e-01
-9.987569212189223444e-01
-9.972037971811802404e-01
-9.950307753654015208e-01
-9.922392066001721744e-01
-9.888308262251286340e-01
-9.848077530122081313e-01
-9.801724878485437165e-01
-9.749279121818235083e-01
-9.690772862290779610e-01
-9.626242469500121413e-01
-9.555728057861406777e-01
-9.479273461671317014e-01
-9.396926207859083169e-01
-9.308737486442044684e-01
-9.214762118704078464e-01
-9.115058523116732481e-01
-9.009688679024192570e-01
-8.898718088114686564e-01
-8.782215733702289917e-01
-8.660254037844390407e-01
-8.532908816321560508e-01
-8.400259231507718471e-01
-8.262387743159946840e-01
-8.119380057158562813e-01
-7.971325072229221709e-01
-7.818314824680299147e-01
-7.660444431189781245e-01
-7.497812029677342061e-01
-7.330518718298263403e-01
-7.158668492597183297e-01
-6.982368180860732965e-01
-6.801727377709197997e-01
-6.616858375968597272e-01
-6.427876096865395850e-01
-6.234898018587337054e-01
-6.038044103254782691e-01
-5.837436722347906226e-01
-5.633200580636227306e-01
-5.425462638657593262e-01
-5.214352033794978913e-01
-4.999999999999997224e-01
-4.782539786213178545e-01
-4.562106573531632958e-01
-4.338837391175583980e-01
-4.112871031306117309e-01
-3.884347962746947935e-01
-3.653410243663949841e-01
-3.420201433256694901e-01
-3.184866502516850995e-01
-2.947551744109047633e-01
-2.708404681430056082e-01
-2.467573976902940336e-01
-2.225209339563155586e-01
-1.981461431993986611e-01
-1.736481776669304422e-01
-1.490422661761744427e-01
-1.243437046474850788e-01
-9.956784659581646713e-02
-7.473009358642396238e-02
-4.984588566069766274e-02
-2.493069173807327746e-02
-3.061616997868383141e-16
2.493069173807266684e-02
4.984588566069705212e-02
7.473009358642335176e-02
9.956784659581585650e-02
1.243437046474844682e-01
1.490422661761729717e-01
1.736481776669298593e-01
1.981461431993980504e-01
2.225209339563140876e-01
2.467573976902942834e-01
2.708404681430049976e-01
2.947551744109050409e-01
3.184866502516844888e-01
-3.420201433256680468e-01
-3.653410243663952617e-01
-3.884347962746942384e-01
-4.112871031306103431e-01
-4.338837391175578428e-01
-4.562106573531619635e-01
-4.782539786213180766e-01
-4.999999999999992228e-01
-5.214352033794965591e-01
-5.425462638657587711e-01
-5.633200580636222865e-01
-5.837436722347894014e-01
-6.038044103254777140e-01
-6.234898018587332613e-01
-6.427876096865398070e-01
-6.616858375968592831e-01
-6.801727377709186895e-01
-6.982368180860728524e-01
-7.158668492597178856e-01
-7.330518718298264513e-01
-7.497812029677338730e-01
-7.660444431189772363e-01
-7.818314824680295816e-01
-7.971325072229218378e-01
-8.119380057158563924e-01
-8.262387743159943509e-01
-8.400259231507715141e-01
-8.532908816321561618e-01
-8.660254037844388186e-01
-8.782215733702283256e-01
-8.898718088114687674e-01
-9.009688679024189240e-01
-9.115058523116734701e-01
-9.214762118704076244e-01
-9.308737486442039133e-01
-9.396926207859084279e-01
-9.479273461671314793e-01
-9.555728057861402336e-01
-9.626242469500119192e-01
-9.690772862290776279e-01
-9.749279121818235083e-01
-9.801724878485436054e-01
-9.848077530122080203e-01
-9.888308262251286340e-01
-9.922392066001720634e-01
-9.950307753654012988e-01
-9.972037971811801293e-01
-9.987569212189223444e-01
-9.996891820008162455e-01
-1.000000000000000000e+00
-9.996891820008163565e-01
-9.987569212189223444e-01
-9.972037971811802404e-01
-9.950307753654014098e-01
-9.922392066001721744e-01
-9.888308262251287450e-01
-9.848077530122081313e-01
-9.801724878485437165e-01
-9.749279121818237304e-01
-9.690772862290778500e-01
-9.626242469500121413e-01
-9.555728057861404556e-01
-9.479273461671317014e-01
-9.396926207859086499e-01
-9.308737486442041353e-01
-9.214762118704078464e-01
-9.115058523116736922e-01
-9.009688679024192570e-01
-8.898718088114691005e-01
-8.782215733702286586e-01
-8.660254037844391517e-01
-8.532908816321566059e-01
-8.400259231507718471e-01
-8.262387743159947950e-01
-8.119380057158568365e-01
-7.971325072229222819e-01
-7.818314824680300257e-01
-7.660444431189776804e-01
-7.497812029677343171e-01
-7.330518718298270064e-01
-7.158668492597184407e-01
-6.982368180860734075e-01
-6.801727377709192446e-01
-6.616858375968598382e-01
-6.427876096865403621e-01
-6.234898018587338164e-01
-6.038044103254782691e-01
-5.837436722347900675e-01
-5.633200580636228416e-01
-5.425462638657594372e-01
-5.214352033794972252e-01
-4.999999999999998335e-01
-4.782539786213187427e-01
-4.562106573531626297e-01
-4.338837391175585090e-01
-4.112871031306110092e-01
-3.884347962746949046e-01
-3.653410243663959278e-01
-3.420201433256687684e-01
-3.184866502516852105e-01
-2.947551744109057625e-01
-2.708404681430057193e-01
-2.467573976902950050e-01
-2.225209339563148092e-01
-1.981461431993987721e-01
-1.736481776669305810e-01
-1.490422661761736933e-01
-1.243437046474852037e-01
-9.956784659581746633e-02
-7.473009358642408728e-02
-4.984588566069778764e-02
-2.493069173807251418e-02
-4.286263797015736102e-16
2.493069173807165723e-02
4.984588566069692722e-02
7.473009358642322686e-02
9.956784659581661978e-02
1.243437046474843571e-01
1.490422661761728329e-01
1.736481776669297206e-01
1.981461431993979394e-01
2.225209339563139765e-01
2.467573976902941724e-01
2.708404681430048866e-01
2.947551744109049299e-01
3.184866502516843778e-01
3.420201433256679358e-01
3.653410243663951507e-01
3.884347962746941274e-01
4.112871031306102321e-01
-4.338837391175577318e-01
-4.562106573531618525e-01
-4.782539786213179656e-01
-4.999999999999991118e-01
-5.214352033794965591e-01
-5.425462638657586600e-01
-5.633200580636221755e-01
-5.837436722347892903e-01
-6.038044103254776029e-01
-6.234898018587331503e-01
-6.427876096865396960e-01
-6.616858375968591721e-01
-6.801727377709185784e-01
-6.982368180860727414e-01
-7.158668492597177746e-01
-7.330518718298264513e-01
-7.497812029677337620e-01
-7.660444431189771253e-01
-7.818314824680294706e-01
-7.971325072229217268e-01
-8.119380057158563924e-01
-8.262387743159942399e-01
-8.400259231507714031e-01
-8.532908816321561618e-01
-8.660254037844387076e-01
-8.782215733702282146e-01
-8.898718088114687674e-01
-9.009688679024189240e-01
-9.115058523116733591e-01
-9.214762118704075133e-01
-9.308737486442039133e-01
-9.396926207859083169e-01
-9.479273461671314793e-01
-9.555728057861402336e-01
-9.626242469500119192e-01
-9.690772862290776279e-01
-9.749279121818235083e-01
-9.801724878485436054e-01
-9.848077530122080203e-01
-9.888308262251286340e-01
-9.922392066001720634e-01
-9.950307753654012988e-01
-9.972037971811801293e-01
-9.987569212189223444e-01
-9.996891820008162455e-01
-1.000000000000000000e+00
-9.996891820008163565e-01
-9.987569212189223444e-01
-9.972037971811802404e-01
-9.950307753654014098e-01
-9.922392066001721744e-01
-9.888308262251287450e-01
-9.848077530122081313e-01
-9.801724878485441605e-01
-9.749279121818237304e-01
-9.690772862290782941e-01
-9.626242469500125853e-01
-9.555728057861410107e-01
-9.479273461671323675e-01
-9.396926207859086499e-01
-9.308737486442049125e-01
-9.214762118704071803e-01
-9.115058523116730260e-01
-9.009688679024185909e-01
-8.898718088114684344e-01
-8.782215733702286586e-01
-8.660254037844382635e-01
-8.532908816321557177e-01
-8.400259231507709590e-01
-8.262387743159947950e-01
-8.119380057158569475e-01
-7.971325072229222819e-01
-7.818314824680301367e-01
-7.660444431189776804e-01
-7.497812029677344281e-01
-7.330518718298271175e-01
-7.158668492597185518e-01
-6.982368180860735185e-01
-6.801727377709193556e-01
-6.616858375968599493e-01
-6.427876096865404731e-01
-6.234898018587339275e-01
-6.038044103254783801e-01
-5.837436722347901785e-01
-5.633200580636229526e-01
-5.425462638657609915e-01
-5.214352033794988905e-01
-5.000000000000014433e-01
-4.782539786213188537e-01
-4.562106573531642950e-01
-4.338837391175601743e-01
-4.112871031306127301e-01
-3.884347962746966809e-01
-3.653410243663944290e-01
-3.420201433256688794e-01
-3.184866502516836562e-01
-2.947551744109041527e-01
-2.708404681430041094e-01
-2.467573976902933952e-01
-2.225209339563149202e-01
-1.981461431993971622e-01
-1.736481776669306920e-01
-1.490422661761738043e-01
-1.243437046474853286e-01
-9.956784659581759123e-02
-7.473009358642421218e-02
-4.984588566069790561e-02
-2.493069173807263561e-02
-5.510910596163089556e-16
2.493069173807153580e-02
4.984588566069680926e-02
7.473009358642311584e-02
9.956784659581649488e-02
1.243437046474842322e-01
1.490422661761727219e-01
1.736481776669296095e-01
1.981461431993960798e-01
2.225209339563138655e-01
2.467573976902923405e-01
2.708404681430030547e-01
2.947551744109030980e-01
3.184866502516826015e-01
3.420201433256678247e-01
3.653410243663933743e-01
3.884347962746956262e-01
4.112871031306117309e-01
4.338837391175592306e-01
4.562106573531633513e-01
4.782539786213179100e-01
5.000000000000005551e-01
5.214352033794978913e-01
5.425462638657601033e-01
-5.633200580636220645e-01
-5.837436722347892903e-01
-6.038044103254774919e-01
-6.234898018587330393e-01
-6.427876096865396960e-01
-6.616858375968591721e-01
-6.801727377709185784e-01
-6.982368180860727414e-01
-7.158668492597177746e-01
-7.330518718298263403e-01
-7.497812029677336509e-01
-7.660444431189770143e-01
-7.818314824680294706e-01
-7.971325072229216158e-01
-8.119380057158562813e-01
-8.262387743159942399e-01
-8.400259231507704039e-01
-8.532908816321551626e-01
-8.660254037844377084e-01
-8.782215733702281035e-01
-8.898718088114678793e-01
-9.009688679024181468e-01
-9.115058523116725819e-01
-9.214762118704068472e-01
-9.308737486442044684e-01
-9.396926207859083169e-01
-9.479273461671320344e-01
-9.555728057861406777e-01
-9.626242469500123633e-01
-9.690772862290779610e-01
-9.749279121818235083e-01
-9.801724878485439385e-01
-9.848077530122080203e-01
-9.888308262251286340e-01
-9.922392066001720634e-01
-9.950307753654012988e-01
-9.972037971811801293e-01
-9.987569212189223444e-01
-9.996891820008162455e-01
-1.000000000000000000e+00
-9.996891820008163565e-01
-9.987569212189223444e-01
-9.972037971811802404e-01
-9.950307753654014098e-01
-9.922392066001721744e-01
-9.888308262251288561e-01
-9.848077530122082424e-01
-9.801724878485441605e-01
-9.749279121818237304e-01
-9.690772862290782941e-01
-9.626242469500126964e-01
-9.555728057861415659e-01
-9.479273461671323675e-01
-9.396926207859087610e-01
-9.308737486442055786e-01
-9.214762118704072913e-01
-9.115058523116723599e-01
-9.009688679024193680e-01
-8.898718088114684344e-01
-8.782215733702278815e-01
-8.660254037844392627e-01
-8.532908816321558287e-01
-8.400259231507710700e-01
-8.262387743159939069e-01
-8.119380057158569475e-01
-7.971325072229223929e-01
-7.818314824680291375e-01
-7.660444431189789016e-01
-7.497812029677344281e-01
-7.330518718298260072e-01
-7.158668492597198840e-01
-6.982368180860735185e-01
-6.801727377709194666e-01
-6.616858375968613926e-01
-6.427876096865405842e-01
-6.234898018587340385e-01
-6.038044103254770478e-01
-5.837436722347917328e-01
-5.633200580636230637e-01
-5.425462638657596592e-01
-5.214352033795004449e-01
-5.000000000000015543e-01
-4.782539786213189648e-01
-4.562106573531660159e-01
-4.338837391175602853e-01
-4.112871031306128411e-01
-3.884347962746951266e-01
-3.653410243663945400e-01
-3.420201433256673251e-01
-3.184866502516854325e-01
-2.947551744109042637e-01
-2.708404681430042205e-01
-2.467573976902917854e-01
-2.225209339563150590e-01
-1.981461431993972733e-01
-1.736481776669290544e-01
-1.490422661761756917e-01
-1.243437046474854396e-01
-9.956784659581595365e-02
-7.473009358642609956e-02
-4.984588566069803051e-02
-2.493069173807275704e-02
-2.449912578931294568e-15
2.493069173807141090e-02
4.984588566069668436e-02
7.473009358642476729e-02
9.956784659581460750e-02
1.243437046474841073e-01
1.490422661761743595e-01
1.736481776669277222e-01
1.981461431993959410e-01
2.225209339563137267e-01
2.467573976902904809e-01
2.708404681430029437e-01
2.947551744109029870e-01
3.184866502516841558e-01
3.420201433256660484e-01
3.653410243663932633e-01
3.884347962746939054e-01
4.112871031306116199e-01
4.338837391175591196e-01
4.562106573531647946e-01
4.782539786213177990e-01
5.000000000000004441e-01
5.214352033794993346e-01
5.425462638657584380e-01
5.633200580636219534e-01
5.837436722347906226e-01
6.038044103254760486e-01
-6.234898018587329283e-01
-6.427876096865395850e-01
-6.616858375968603934e-01
-6.801727377709184674e-01
-6.982368180860726303e-01
-7.158668492597188848e-01
-7.330518718298250080e-01
-7.497812029677335399e-01
-7.660444431189781245e-01
-7.818314824680282493e-01
-7.971325072229216158e-01
-8.119380057158561703e-01
-8.262387743159931297e-01
-8.400259231507702928e-01
-8.532908816321550516e-01
-8.660254037844385966e-01
-8.782215733702272153e-01
-8.898718088114678793e-01
-9.009688679024188129e-01
-9.115058523116718048e-01
-9.214762118704067362e-01
-9.308737486442050235e-01
-9.396926207859083169e-01
-9.479273461671319234e-01
-9.555728057861412328e-01
-9.626242469500118082e-01
-9.690772862290779610e-01
-9.749279121818238414e-01
-9.801724878485434944e-01
-9.848077530122080203e-01
-9.888308262251286340e-01
-9.922392066001722855e-01
-9.950307753654012988e-01
-9.972037971811801293e-01
-9.987569212189224555e-01
-9.996891820008162455e-01
-1.000000000000000000e+00
-9.996891820008162455e-01
-9.987569212189224555e-01
-9.972037971811802404e-01
-9.950307753654014098e-01
-9.922392066001723965e-01
-9.888308262251288561e-01
-9.848077530122082424e-01
-9.801724878485438275e-01
-9.749279121818241745e-01
-9.690772862290782941e-01
-9.626242469500122523e-01
-9.555728057861416769e-01
-9.479273461671324785e-01
-9.396926207859087610e-01
-9.308737486442055786e-01
-9.214762118704072913e-01
-9.115058523116723599e-01
-9.009688679024194791e-01
-8.898718088114685454e-01
-8.782215733702279925e-01
-8.660254037844392627e-01
-8.532908816321558287e-01
-8.400259231507710700e-01
-8.262387743159939069e-01
-8.119380057158570585e-01
-7.971325072229225039e-01
-7.818314824680291375e-01
-7.660444431189790127e-01
-7.497812029677345391e-01
-7.330518718298260072e-01
-7.158668492597198840e-01
-6.982368180860736295e-01
-6.801727377709194666e-01
-6.616858375968615036e-01
-6.427876096865406952e-01
-6.234898018587341495e-01
-6.038044103254771588e-01
-5.837436722347917328e-01
-5.633200580636231747e-01
-5.425462638657597703e-01
-5.214352033795005559e-01
-5.000000000000016653e-01
-4.782539786213190758e-01
-4.562106573531661269e-01
-4.338837391175603964e-01
-4.112871031306129521e-01
-3.884347962746952376e-01
-3.653410243663946511e-01
-3.420201433256674362e-01
-3.184866502516855435e-01
-2.947551744109043748e-01
-2.708404681430043315e-01
-2.467573976902919242e-01
-2.225209339563151700e-01
-1.981461431993973843e-01
-1.736481776669291932e-01
-1.490422661761758027e-01
-1.243437046474855645e-01
-9.956784659581606467e-02
-7.473009358642622446e-02
-4.984588566069815541e-02
-2.493069173807288194e-02
9.803364199544708184e-16
2.493069173807128946e-02
4.984588566069656640e-02
7.473009358642464239e-02
9.956784659581448260e-02
1.243437046474839824e-01
1.490422661761742484e-01
1.736481776669276111e-01
1.981461431993958300e-01
2.225209339563136157e-01
2.467573976902903699e-01
2.708404681430028327e-01
2.947551744109028760e-01
3.184866502516840447e-01
3.420201433256659374e-01
3.653410243663931523e-01
3.884347962746937943e-01
4.112871031306115088e-01
4.338837391175590086e-01
4.562106573531646836e-01
4.782539786213176880e-01
5.000000000000003331e-01
5.214352033794992236e-01
5.425462638657583270e-01
5.633200580636218424e-01
5.837436722347905116e-01
6.038044103254759376e-01
6.234898018587329283e-01
6.427876096865394739e-01
6.616858375968602823e-01
6.801727377709183564e-01
6.982368180860725193e-01
7.158668492597187738e-01
-7.330518718298250080e-01
-7.497812029677335399e-01
-7.660444431189780135e-01
-7.818314824680281383e-01
-7.971325072229215047e-01
-8.119380057158561703e-01
-8.262387743159930187e-01
-8.400259231507702928e-01
-8.532908816321550516e-01
-8.660254037844384856e-01
-8.782215733702272153e-01
-8.898718088114677682e-01
-9.009688679024188129e-01
-9.115058523116718048e-01
-9.214762118704067362e-01
-9.308737486442050235e-01
-9.396926207859082059e-01
-9.479273461671319234e-01
-9.555728057861412328e-01
-9.626242469500118082e-01
-9.690772862290779610e-01
-9.749279121818238414e-01
-9.801724878485434944e-01
-9.848077530122079093e-01
-9.888308262251286340e-01
-9.922392066001722855e-01
-9.950307753654012988e-01
-9.972037971811801293e-01
-9.987569212189224555e-01
-9.996891820008162455e-01
-1.000000000000000000e+00
-9.996891820008162455e-01
-9.987569212189224555e-01
-9.972037971811802404e-01
-9.950307753654014098e-01
-9.922392066001725075e-01
-9.888308262251288561e-01
-9.848077530122082424e-01
-9.801724878485438275e-01
-9.749279121818241745e-01
-9.690772862290784051e-01
-9.626242469500122523e-01
-9.555728057861416769e-01
-9.479273461671324785e-01
-9.396926207859087610e-01
-9.308737486442056897e-01
-9.214762118704074023e-01
-9.115058523116724709e-01
-9.009688679024194791e-01
-8.898718088114685454e-01
-8.782215733702279925e-01
-8.660254037844393737e-01
-8.532908816321559398e-01
-8.400259231507711810e-01
-8.262387743159940179e-01
-8.119380057158571695e-01
-7.971325072229225039e-01
-7.818314824680292485e-01
-7.660444431189791237e-01
-7.497812029677346501e-01
-7.330518718298261183e-01
-7.158668492597199950e-01
-6.982368180860737406e-01
-6.801727377709195776e-01
-6.616858375968615036e-01
-6.427876096865408062e-01
-6.234898018587342605e-01
-6.038044103254772699e-01
-5.837436722347918439e-01
-5.633200580636232857e-01
-5.425462638657597703e-01
-5.214352033795006669e-01
-5.000000000000017764e-01
-4.782539786213191868e-01
-4.562106573531662379e-01
-4.338837391175605074e-01
-4.112871031306130631e-01
-3.884347962746953487e-01
-3.653410243663947621e-01
-3.420201433256675472e-01
-3.184866502516856546e-01
-2.947551744109045413e-01
-2.708404681430044980e-01
-2.467573976902920352e-01
-2.225209339563152811e-01
-1.981461431993974953e-01
-1.736481776669293042e-01
-1.490422661761759415e-01
-1.243437046474856894e-01
-9.956784659581618957e-02
-7.473009358642634936e-02
-4.984588566069827337e-02
-2.493069173807300337e-02
-2.694841938760765259e-15
2.493069173807116803e-02
4.984588566069644150e-02
7.473009358642451749e-02
9.956784659581435770e-02
1.243437046474838714e-01
1.490422661761741097e-01
1.736481776669275001e-01
1.981461431993957190e-01
2.225209339563135047e-01
2.467573976902902588e-01
2.708404681430027217e-01
2.947551744109027649e-01
3.184866502516839337e-01
3.420201433256658263e-01
3.653410243663930412e-01
3.884347962746936833e-01
4.112871031306113978e-01
4.338837391175588976e-01
4.562106573531645726e-01
4.782539786213175770e-01
5.000000000000002220e-01
5.214352033794991126e-01
5.425462638657583270e-01
5.633200580636217314e-01
5.837436722347904006e-01
6.038044103254758266e-01
6.234898018587328172e-01
6.427876096865393629e-01
6.616858375968601713e-01
6.801727377709182454e-01
6.982368180860724083e-01
7.158668492597186628e-01
7.330518718298248970e-01
7.497812029677334289e-01
7.660444431189779024e-01
-7.818314824680281383e-01
-7.971325072229213937e-01
-8.119380057158560593e-01
-8.262387743159930187e-01
-8.400259231507701818e-01
-8.532908816321549406e-01
-8.660254037844384856e-01
-8.782215733702271043e-01
-8.898718088114677682e-01
-9.009688679024187019e-01
-9.115058523116716938e-01
-9.214762118704066252e-01
-9.308737486442050235e-01
-9.396926207859082059e-01
-9.479273461671319234e-01
-9.555728057861411218e-01
-9.626242469500118082e-01
-9.690772862290778500e-01
-9.749279121818238414e-01
-9.801724878485434944e-01
-9.848077530122079093e-01
-9.888308262251285230e-01
-9.922392066001721744e-01
-9.950307753654012988e-01
-9.972037971811801293e-01
-9.987569212189223444e-01
-9.996891820008162455e-01
-1.000000000000000000e+00
-9.996891820008162455e-01
-9.987569212189224555e-01
-9.972037971811802404e-01
-9.950307753654015208e-01
-9.922392066001725075e-01
-9.888308262251288561e-01
-9.848077530122082424e-01
-9.801724878485438275e-01
-9.749279121818241745e-01
-9.690772862290784051e-01
-9.626242469500122523e-01
-9.555728057861416769e-01
-9.479273461671324785e-01
-9.396926207859088720e-01
-9.308737486442056897e-01
-9.214762118704088456e-01
-9.115058523116739142e-01
-9.009688679024195901e-01
-8.898718088114702107e-01
-8.782215733702297689e-01
-8.660254037844394848e-01
-8.532908816321578271e-01
-8.400259231507731794e-01
-8.262387743159961273e-01
-8.119380057158592789e-01
-7.971325072229247244e-01
-7.818314824680315800e-01
-7.660444431189792347e-01
-7.497812029677370926e-01
-7.330518718298285608e-01
-7.158668492597201061e-01
-6.982368180860712981e-01
-6.801727377709170241e-01
-6.616858375968589501e-01
-6.427876096865381417e-01
-6.234898018587315960e-01
-6.038044103254773809e-01
-5.837436722347890683e-01
-5.633200580636203991e-01
-5.425462638657598813e-01
-5.214352033794977803e-01
-4.999999999999988343e-01
-4.782539786213161337e-01
-4.562106573531631848e-01
-4.338837391175574543e-01
-4.112871031306099545e-01
-3.884347962746954597e-01
-3.653410243663948731e-01
-3.420201433256676582e-01
-3.184866502516857656e-01
-2.947551744109046523e-01
-2.708404681430046090e-01
-2.467573976902921462e-01
-2.225209339563154198e-01
-1.981461431993976341e-01
-1.736481776669294153e-01
-1.490422661761760526e-01
-1.243437046474858143e-01
-9.956784659581631447e-02
-7.473009358642647426e-02
-4.984588566069839827e-02
-2.493069173807312480e-02
7.354070601250002263e-16
2.493069173807104313e-02
4.984588566069631660e-02
7.473009358642439259e-02
9.956784659581424668e-02
1.243437046474837465e-01
1.490422661761739986e-01
1.736481776669273613e-01
1.981461431993955802e-01
2.225209339563133937e-01
2.467573976902901201e-01
2.708404681430026106e-01
2.947551744109026539e-01
3.184866502516838227e-01
3.420201433256657153e-01
3.653410243663929302e-01
3.884347962746935723e-01
4.112871031306080671e-01
4.338837391175555669e-01
4.562106573531612974e-01
4.782539786213143573e-01
4.999999999999970024e-01
5.214352033794960040e-01
5.425462638657582159e-01
5.633200580636187338e-01
5.837436722347874030e-01
6.038044103254757156e-01
6.234898018587299307e-01
6.427876096865365874e-01
6.616858375968573958e-01
6.801727377709155808e-01
6.982368180860698548e-01
7.158668492597186628e-01
7.330518718298272285e-01
7.497812029677356493e-01
7.660444431189779024e-01
7.818314824680302477e-01
7.971325072229235031e-01
8.119380057158580577e-01
8.262387743159949061e-01
8.400259231507720692e-01
8.532908816321567169e-01
-8.660254037844383745e-01
-8.782215733702287697e-01
-8.898718088114693225e-01
-9.009688679024187019e-01
-9.115058523116731370e-01
-9.214762118704079574e-01
-9.308737486442049125e-01
-9.396926207859080948e-01
-9.479273461671318124e-01
-9.555728057861411218e-01
-9.626242469500116972e-01
-9.690772862290778500e-01
-9.749279121818237304e-01
-9.801724878485434944e-01
-9.848077530122079093e-01
-9.888308262251285230e-01
-9.922392066001721744e-01
-9.950307753654012988e-01
-9.972037971811801293e-01
-9.987569212189223444e-01
-9.996891820008162455e-01
-1.000000000000000000e+00
-9.996891820008162455e-01
-9.987569212189224555e-01
-9.972037971811802404e-01
-9.950307753654015208e-01
-9.922392066001725075e-01
-9.888308262251288561e-01
-9.848077530122082424e-01
-9.801724878485439385e-01
-9.749279121818242855e-01
-9.690772862290784051e-01
-9.626242469500123633e-01
-9.555728057861417879e-01
-9.479273461671325895e-01
-9.396926207859088720e-01
-9.308737486442058007e-01
-9.214762118704088456e-01
-9.115058523116740252e-01
-9.009688679024195901e-01
-8.898718088114703217e-01
-8.782215733702298799e-01
-8.660254037844394848e-01
-8.532908816321579382e-01
-8.400259231507731794e-01
-8.262387743159961273e-01
-8.119380057158593900e-01
-7.971325072229248354e-01
-7.818314824680315800e-01
-7.660444431189792347e-01
-7.497812029677372037e-01
-7.330518718298286718e-01
-7.158668492597202171e-01
-6.982368180860714091e-01
-6.801727377709171352e-01
-6.616858375968590611e-01
-6.427876096865382527e-01
-6.234898018587315960e-01
-6.038044103254774919e-01
-5.837436722347891793e-01
-5.633200580636205101e-01
-5.425462638657599923e-01
-5.214352033794978913e-01
-4.999999999999989453e-01
-4.782539786213162447e-01
-4.562106573531632958e-01
-4.338837391175575653e-01
-4.112871031306100655e-01
-3.884347962746955707e-01
-3.653410243663949841e-01
-3.420201433256677692e-01
-3.184866502516858766e-01
-2.947551744109047633e-01
-2.708404681430047201e-01
-2.467573976902922572e-01
-2.225209339563155309e-01
-1.981461431993977451e-01
-1.736481776669295540e-01
-1.490422661761761636e-01
-1.243437046474859253e-01
-9.956784659581643937e-02
-7.473009358642659916e-02
-4.984588566069852317e-02
-2.493069173807324970e-02
-2.939771298590235950e-15
2.493069173807092170e-02
4.984588566069619864e-02
7.473009358642426769e-02
9.956784659581412178e-02
1.243437046474836216e-01
1.490422661761738876e-01
1.736481776669272503e-01
1.981461431993954692e-01
2.225209339563132549e-01
2.467573976902900090e-01
2.708404681430024441e-01
2.947551744109025429e-01
3.184866502516837117e-01
3.420201433256656043e-01
3.653410243663928192e-01
3.884347962746934613e-01
4.112871031306079561e-01
4.338837391175554559e-01
4.562106573531611864e-01
4.782539786213142463e-01
4.999999999999969469e-01
5.214352033794958929e-01
5.425462638657581049e-01
5.633200580636186228e-01
5.837436722347872919e-01
6.038044103254756045e-01
6.234898018587298196e-01
6.427876096865364763e-01
6.616858375968572847e-01
6.801727377709154698e-01
6.982368180860697437e-01
7.158668492597185518e-01
7.330518718298271175e-01
7.497812029677355383e-01
7.660444431189777914e-01
7.818314824680301367e-01
7.971325072229233921e-01
8.119380057158579467e-01
8.262387743159949061e-01
8.400259231507719582e-01
8.532908816321567169e-01
8.660254037844383745e-01
8.782215733702287697e-01
8.898718088114692115e-01
-9.009688679024185909e-01
-9.115058523116730260e-01
-9.214762118704079574e-01
-9.308737486442049125e-01
-9.396926207859080948e-01
-9.479273461671318124e-01
-9.555728057861411218e-01
-9.626242469500116972e-01
-9.690772862290778500e-01
-9.749279121818237304e-01
-9.801724878485434944e-01
-9.848077530122079093e-01
-9.888308262251285230e-01
-9.922392066001721744e-01
-9.950307753654012988e-01
-9.972037971811801293e-01
-9.987569212189223444e-01
-9.996891820008162455e-01
-1.000000000000000000e+00
-9.996891820008162455e-01
-9.987569212189224555e-01
-9.972037971811802404e-01
-9.950307753654015208e-01
-9.922392066001725075e-01
-9.888308262251288561e-01
-9.848077530122083534e-01
-9.801724878485439385e-01
-9.749279121818242855e-01
-9.690772862290784051e-01
-9.626242469500123633e-01
-9.555728057861417879e-01
-9.479273461671325895e-01
-9.396926207859089830e-01
-9.308737486442058007e-01
-9.214762118704088456e-01
-9.115058523116740252e-01
-9.009688679024197011e-01
-8.898718088114703217e-01
-8.782215733702298799e-01
-8.660254037844395958e-01
-8.532908816321579382e-01
-8.400259231507732904e-01
-8.262387743159982367e-01
-8.119380057158572805e-01
-7.971325072229249464e-01
-7.818314824680339115e-01
-7.660444431189793457e-01
-7.497812029677372037e-01
-7.330518718298312253e-01
-7.158668492597202171e-01
-6.982368180860714091e-01
-6.801727377709199107e-01
-6.616858375968565076e-01
-6.427876096865383637e-01
-6.234898018587344826e-01
-6.038044103254747164e-01
-5.837436722347892903e-01
-5.633200580636235077e-01
-5.425462638657571057e-01
-5.214352033794980024e-01
-5.000000000000021094e-01
-4.782539786213163557e-01
-4.562106573531634068e-01
-4.338837391175608404e-01
-4.112871031306101766e-01
-3.884347962746956817e-01
-3.653410243663917645e-01
-3.420201433256678802e-01
-3.184866502516859876e-01
-2.947551744109014882e-01
-2.708404681430048311e-01
-2.467573976902958377e-01
-2.225209339563121724e-01
-1.981461431993978561e-01
-1.736481776669331623e-01
-1.490422661761727774e-01
-1.243437046474860502e-01
-9.956784659582008923e-02
-7.473009358642317135e-02
-4.984588566069864113e-02
-2.493069173807692385e-02
4.904777002955296341e-16
2.493069173807080027e-02
4.984588566069252796e-02
7.473009358642415667e-02
9.956784659581399688e-02
1.243437046474799718e-01
1.490422661761737488e-01
1.736481776669271393e-01
1.981461431993988276e-01
2.225209339563131439e-01
2.467573976902898980e-01
2.708404681430057748e-01
2.947551744109024319e-01
3.184866502516802145e-01
3.420201433256688239e-01
3.653410243663927082e-01
3.884347962746900751e-01
4.112871031306110647e-01
4.338837391175553448e-01
4.562106573531579112e-01
4.782539786213172439e-01
4.999999999999968359e-01
5.214352033794927843e-01
5.425462638657579939e-01
5.633200580636185117e-01
5.837436722347842943e-01
6.038044103254754935e-01
6.234898018587297086e-01
6.427876096865390299e-01
6.616858375968572847e-01
6.801727377709153588e-01
6.982368180860721862e-01
7.158668492597209942e-01
7.330518718298270064e-01
7.497812029677332069e-01
7.660444431189800119e-01
7.818314824680301367e-01
7.971325072229211717e-01
8.119380057158579467e-01
8.262387743159947950e-01
8.400259231507699598e-01
8.532908816321566059e-01
8.660254037844382635e-01
8.782215733702303240e-01
8.898718088114692115e-01
9.009688679024185909e-01
9.115058523116744693e-01
9.214762118704079574e-01
9.308737486442035802e-01
9.396926207859093161e-01
-9.479273461671318124e-01
-9.555728057861400115e-01
-9.626242469500125853e-01
-9.690772862290778500e-01
-9.749279121818229532e-01
-9.801724878485441605e-01
-9.848077530122079093e-01
-9.888308262251279679e-01
-9.922392066001721744e-01
-9.950307753654011877e-01
-9.972037971811797963e-01
-9.987569212189223444e-01
-9.996891820008162455e-01
-1.000000000000000000e+00
-9.996891820008162455e-01
-9.987569212189225665e-01
-9.972037971811800183e-01
-9.950307753654015208e-01
-9.922392066001725075e-01
-9.888308262251284120e-01
-9.848077530122083534e-01
-9.801724878485446046e-01
-9.749279121818235083e-01
-9.690772862290785161e-01
-9.626242469500133625e-01
-9.555728057861407887e-01
-9.479273461671325895e-01
-9.396926207859102043e-01
-9.308737486442045794e-01
-9.214762118704089566e-01
-9.115058523116755795e-01
-9.009688679024197011e-01
-8.898718088114704328e-01
-8.782215733702316562e-01
-8.660254037844395958e-01
-8.532908816321580492e-01
-8.400259231507714031e-01
-8.262387743159963494e-01
-8.119380057158595010e-01
-7.971325072229228370e-01
-7.818314824680318020e-01
-7.660444431189816772e-01
-7.497812029677349832e-01
-7.330518718298288938e-01
-7.158668492597228816e-01
-6.982368180860740736e-01
-6.801727377709173572e-01
-6.616858375968592831e-01
-6.427876096865411393e-01
-6.234898018587318180e-01
-6.038044103254777140e-01
-5.837436722347865148e-01
-5.633200580636207322e-01
-5.425462638657602144e-01
-5.214352033794950048e-01
-4.999999999999991673e-01
-4.782539786213195754e-01
-4.562106573531603537e-01
-4.338837391175577873e-01
-4.112871031306135072e-01
-3.884347962746925176e-01
-3.653410243663952062e-01
-3.420201433256713219e-01
-3.184866502516827680e-01
-2.947551744109049854e-01
-2.708404681430083838e-01
-2.467573976902925070e-01
-2.225209339563157807e-01
-1.981461431994014644e-01
-1.736481776669297761e-01
-1.490422661761764134e-01
-1.243437046474826502e-01
-9.956784659581667529e-02
-7.473009358642683508e-02
-4.984588566069521332e-02
-2.493069173807349256e-02
-3.184700658419706641e-15
2.493069173807422809e-02
4.984588566069594884e-02
7.473009358642047906e-02
9.956784659581741082e-02
1.243437046474833857e-01
1.490422661761701129e-01
1.736481776669304977e-01
1.981461431993952194e-01
2.225209339563095634e-01
2.467573976902932287e-01
2.708404681430022221e-01
2.947551744108988792e-01
3.184866502516834341e-01
3.420201433256653822e-01
3.653410243663892665e-01
3.884347962746932392e-01
4.112871031306077341e-01
4.338837391175584535e-01
4.562106573531610199e-01
4.782539786213140243e-01
4.999999999999997780e-01
5.214352033794956709e-01
5.425462638657548853e-01
5.633200580636212873e-01
5.837436722347870699e-01
6.038044103254726069e-01
6.234898018587323731e-01
6.427876096865362543e-01
6.616858375968545092e-01
6.801727377709179123e-01
6.982368180860695217e-01
7.158668492597183297e-01
7.330518718298293379e-01
7.497812029677354273e-01
7.660444431189775694e-01
7.818314824680322461e-01
7.971325072229232811e-01
8.119380057158557262e-01
8.262387743159966824e-01
8.400259231507718471e-01
8.532908816321547185e-01
8.660254037844400399e-01
8.782215733702285476e-01
8.898718088114674352e-01
9.009688679024200342e-01
9.115058523116729150e-01
9.214762118704065141e-01
9.308737486442048015e-01
9.396926207859079838e-01
9.479273461671305911e-01
9.555728057861410107e-01
9.626242469500115861e-01
9.690772862290786271e-01
-9.749279121818237304e-01
-9.801724878485433834e-01
-9.848077530122084644e-01
-9.888308262251285230e-01
-9.922392066001717303e-01
-9.950307753654016318e-01
-9.972037971811801293e-01
-9.987569212189222334e-01
-9.996891820008163565e-01
-1.000000000000000000e+00
-9.996891820008163565e-01
-9.987569212189223444e-01
-9.972037971811803514e-01
-9.950307753654018539e-01
-9.922392066001720634e-01
-9.888308262251289671e-01
-9.848077530122090195e-01
-9.801724878485439385e-01
-9.749279121818242855e-01
-9.690772862290794043e-01
-9.626242469500124743e-01
-9.555728057861418989e-01
-9.479273461671314793e-01
-9.396926207859089830e-01
-9.308737486442059117e-01
-9.214762118704076244e-01
-9.115058523116741362e-01
-9.009688679024213664e-01
-8.898718088114688785e-01
-8.782215733702299909e-01
-8.660254037844414832e-01
-8.532908816321562728e-01
-8.400259231507734015e-01
-8.262387743159983478e-01
-8.119380057158575026e-01
-7.971325072229250575e-01
-7.818314824680340225e-01
-7.660444431189794567e-01
-7.497812029677374257e-01
-7.330518718298313363e-01
-7.158668492597204391e-01
-6.982368180860716311e-01
-6.801727377709200217e-01
-6.616858375968567296e-01
-6.427876096865384747e-01
-6.234898018587347046e-01
-6.038044103254749384e-01
-5.837436722347895124e-01
-5.633200580636237298e-01
-5.425462638657573278e-01
-5.214352033794982244e-01
-5.000000000000023315e-01
-4.782539786213165778e-01
-4.562106573531636289e-01
-4.338837391175610625e-01
-4.112871031306103986e-01
-3.884347962746959038e-01
-3.653410243663920420e-01
-3.420201433256681023e-01
-3.184866502516862652e-01
-2.947551744109017102e-01
-2.708404681430050531e-01
-2.467573976902960597e-01
-2.225209339563124222e-01
-1.981461431993981059e-01
-1.736481776669334121e-01
-1.490422661761730272e-01
-1.243437046474863000e-01
-9.956784659582033903e-02
-7.473009358642342115e-02
-4.984588566069888399e-02
-2.493069173807716671e-02
2.455483404660589927e-16
2.493069173807055394e-02
4.984588566069227816e-02
7.473009358642390687e-02
9.956784659581376096e-02
1.243437046474797358e-01
1.490422661761734990e-01
1.736481776669268895e-01
1.981461431993985778e-01
2.225209339563128941e-01
2.467573976902896482e-01
2.708404681430055527e-01
2.947551744109021543e-01
3.184866502516799924e-01
3.420201433256686019e-01
3.653410243663924861e-01
3.884347962746898530e-01
4.112871031306108427e-01
4.338837391175551228e-01
4.562106573531577447e-01
4.782539786213170219e-01
4.999999999999966138e-01
5.214352033794925623e-01
5.425462638657577719e-01
5.633200580636182897e-01
5.837436722347840723e-01
6.038044103254753825e-01
6.234898018587295976e-01
6.427876096865389188e-01
6.616858375968570627e-01
6.801727377709152478e-01
6.982368180860719642e-01
7.158668492597207722e-01
7.330518718298268954e-01
7.497812029677329848e-01
7.660444431189797898e-01
7.818314824680299147e-01
7.971325072229210607e-01
8.119380057158577246e-01
8.262387743159946840e-01
8.400259231507698487e-01
8.532908816321564949e-01
8.660254037844381525e-01
8.782215733702302130e-01
8.898718088114691005e-01
9.009688679024184799e-01
9.115058523116743583e-01
9.214762118704078464e-01
9.308737486442034692e-01
9.396926207859092051e-01
9.479273461671317014e-01
9.555728057861399005e-01
9.626242469500125853e-01
9.690772862290777390e-01
9.749279121818228422e-01
9.801724878485440495e-01
9.848077530122077983e-01
9.888308262251279679e-01
9.922392066001721744e-01
-9.950307753654011877e-01
-9.972037971811797963e-01
-9.987569212189223444e-01
-9.996891820008162455e-01
-1.000000000000000000e+00
-9.996891820008162455e-01
-9.987569212189225665e-01
-9.972037971811800183e-01
-9.950307753654015208e-01
-9.922392066001725075e-01
-9.888308262251284120e-01
-9.848077530122083534e-01
-9.801724878485447157e-01
-9.749279121818236193e-01
-9.690772862290785161e-01
-9.626242469500134735e-01
-9.555728057861408997e-01
-9.479273461671327006e-01
-9.396926207859103153e-01
-9.308737486442045794e-01
-9.214762118704090677e-01
-9.115058523116756906e-01
-9.009688679024198121e-01
-8.898718088114705438e-01
-8.782215733702317673e-01
-8.660254037844397068e-01
-8.532908816321581602e-01
-8.400259231507715141e-01
-8.262387743159964604e-01
-8.119380057158596120e-01
-7.971325072229229480e-01
-7.818314824680319131e-01
-7.660444431189818992e-01
-7.497812029677350942e-01
-7.330518718298290048e-01
-7.158668492597229926e-01
-6.982368180860742957e-01
-6.801727377709174682e-01
-6.616858375968595052e-01
-6.427876096865413613e-01
-6.234898018587320401e-01
-6.038044103254778250e-01
-5.837436722347867368e-01
-5.633200580636209542e-01
-5.425462638657604364e-01
-5.214352033794952268e-01
-4.999999999999993339e-01
-4.782539786213197974e-01
-4.562106573531605758e-01
-4.338837391175580094e-01
-4.112871031306137293e-01
-3.884347962746927396e-01
-3.653410243663954282e-01
-3.420201433256715440e-01
-3.184866502516829900e-01
-2.947551744109052074e-01
-2.708404681430086058e-01
-2.467573976902927568e-01
-2.225209339563160027e-01
-1.981461431994017142e-01
-1.736481776669300259e-01
-1.490422661761766632e-01
-1.243437046474829000e-01
-9.956784659581692509e-02
-7.473009358642708488e-02
-4.984588566069546312e-02
-2.493069173807373889e-02
-3.429630018249177331e-15
2.493069173807398523e-02
4.984588566069570598e-02
7.473009358642024313e-02
9.956784659581717489e-02
1.243437046474831359e-01
1.490422661761698908e-01
1.736481776669302757e-01
1.981461431993949973e-01
2.225209339563093136e-01
2.467573976902929789e-01
2.708404681430020000e-01
2.947551744108986571e-01
3.184866502516832121e-01
3.420201433256651047e-01
3.653410243663890444e-01
3.884347962746930172e-01
4.112871031306075120e-01
4.338837391175582314e-01
4.562106573531607978e-01
4.782539786213138022e-01
4.999999999999995559e-01
5.214352033794954488e-01
5.425462638657546632e-01
5.633200580636211763e-01
5.837436722347868479e-01
6.038044103254723849e-01
6.234898018587322621e-01
6.427876096865360322e-01
6.616858375968542871e-01
6.801727377709176903e-01
6.982368180860694107e-01
7.158668492597182187e-01
7.330518718298292269e-01
7.497812029677353163e-01
7.660444431189774583e-01
7.818314824680320241e-01
7.971325072229231701e-01
8.119380057158556152e-01
8.262387743159965714e-01
8.400259231507717361e-01
8.532908816321546075e-01
8.660254037844398178e-01
8.782215733702284366e-01
8.898718088114674352e-01
9.009688679024199232e-01
9.115058523116728040e-01
9.214762118704064031e-01
9.308737486442046905e-01
9.396926207859079838e-01
9.479273461671304801e-01
9.555728057861408997e-01
9.626242469500115861e-01
9.690772862290786271e-01
9.749279121818236193e-01
9.801724878485433834e-01
9.848077530122084644e-01
9.888308262251284120e-01
9.922392066001717303e-01
9.950307753654015208e-01
9.972037971811800183e-01
9.987569212189222334e-01
-9.996891820008163565e-01
-1.000000000000000000e+00
-9.996891820008163565e-01
-9.987569212189223444e-01
-9.972037971811803514e-01
-9.950307753654018539e-01
-9.922392066001721744e-01
-9.888308262251289671e-01
-9.848077530122090195e-01
-9.801724878485440495e-01
-9.749279121818243965e-01
-9.690772862290794043e-01
-9.626242469500124743e-01
-9.555728057861418989e-01
-9.479273461671315903e-01
-9.396926207859090940e-01
-9.308737486442060227e-01
-9.214762118704077354e-01
-9.115058523116742473e-01
-9.009688679024213664e-01
-8.898718088114689895e-01
-8.782215733702301019e-01
-8.660254037844415942e-01
-8.532908816321563839e-01
-8.400259231507736235e-01
-8.262387743159985698e-01
-8.119380057158576136e-01
-7.971325072229251685e-01
-7.818314824680342445e-01
-7.660444431189796788e-01
-7.497812029677375367e-01
-7.330518718298315584e-01
-7.158668492597206612e-01
-6.982368180860718532e-01
-6.801727377709202438e-01
-6.616858375968568406e-01
-6.427876096865386968e-01
-6.234898018587349267e-01
-6.038044103254751604e-01
-5.837436722347897344e-01
-5.633200580636239518e-01
-5.425462638657575498e-01
-5.214352033794983354e-01
-5.000000000000025535e-01
-4.782539786213167998e-01
-4.562106573531637954e-01
-4.338837391175612845e-01
-4.112871031306106206e-01
-3.884347962746961258e-01
-3.653410243663922641e-01
-3.420201433256683243e-01
-3.184866502516864872e-01
-2.947551744109019323e-01
-2.708404681430052752e-01
-2.467573976902963095e-01
-2.225209339563126720e-01
-1.981461431993983557e-01
-1.736481776669336341e-01
-1.490422661761732770e-01
-1.243437046474865360e-01
-9.956784659582057495e-02
-7.473009358642365707e-02
-4.984588566069913379e-02
-2.493069173807741304e-02
6.189806365883577056e-19
2.493069173807031108e-02
4.984588566069203530e-02
7.473009358642365707e-02
9.956784659581351116e-02
1.243437046474794860e-01
1.490422661761732770e-01
1.736481776669266397e-01
1.981461431993983557e-01
2.225209339563126720e-01
2.467573976902894262e-01
2.708404681430052752e-01
2.947551744109019323e-01
3.184866502516797149e-01
3.420201433256683243e-01
3.653410243663922641e-01
3.884347962746896310e-01
4.112871031306106206e-01
4.338837391175549008e-01
4.562106573531575227e-01
4.782539786213167998e-01
4.999999999999963918e-01
5.214352033794923402e-01
5.425462638657575498e-01
5.633200580636180677e-01
5.837436722347839613e-01
6.038044103254751604e-01
6.234898018587293755e-01
6.427876096865386968e-01
6.616858375968568406e-01
6.801727377709150257e-01
6.982368180860718532e-01
7.158668492597206612e-01
7.330518718298266734e-01
7.497812029677328738e-01
7.660444431189796788e-01
7.818314824680298036e-01
7.971325072229209496e-01
8.119380057158576136e-01
8.262387743159944620e-01
8.400259231507697377e-01
8.532908816321563839e-01
8.660254037844380415e-01
8.782215733702301019e-01
8.898718088114689895e-01
9.009688679024183688e-01
9.115058523116742473e-01
9.214762118704077354e-01
9.308737486442033582e-01
9.396926207859090940e-01
9.479273461671315903e-01
9.555728057861399005e-01
9.626242469500124743e-01
9.690772862290777390e-01
9.749279121818228422e-01
9.801724878485440495e-01
9.848077530122077983e-01
9.888308262251279679e-01
9.922392066001721744e-01
9.950307753654011877e-01
9.972037971811797963e-01
9.987569212189223444e-01
9.996891820008162455e-01
1.000000000000000000e+00
9.996891820008163565e-01
9.987569212189225665e-01
9.972037971811800183e-01
9.950307753654015208e-01
-9.922392066001726185e-01
-9.888308262251284120e-01
-9.848077530122084644e-01
-9.801724878485447157e-01
-9.749279121818236193e-01
-9.690772862290786271e-01
-9.626242469500134735e-01
-9.555728057861408997e-01
-9.479273461671328116e-01
-9.396926207859103153e-01
-9.308737486442046905e-01
-9.214762118704091787e-01
-9.115058523116758016e-01
-9.009688679024199232e-01
-8.898718088114706548e-01
-8.782215733702318783e-01
-8.660254037844398178e-01
-8.532908816321582712e-01
-8.400259231507717361e-01
-8.262387743159965714e-01
-8.119380057158597230e-01
-7.971325072229231701e-01
-7.818314824680320241e-01
-7.660444431189820103e-01
-7.497812029677353163e-01
-7.330518718298292269e-01
-7.158668492597232147e-01
-6.982368180860744067e-01
-6.801727377709176903e-01
-6.616858375968596162e-01
-6.427876096865414723e-01
-6.234898018587322621e-01
-6.038044103254780470e-01
-5.837436722347868479e-01
-5.633200580636211763e-01
-5.425462638657606584e-01
-5.214352033794954488e-01
-4.999999999999995559e-01
-4.782539786213200195e-01
-4.562106573531607978e-01
-4.338837391175582314e-01
-4.112871031306139513e-01
-3.884347962746930172e-01
-3.653410243663956503e-01
-3.420201433256718215e-01
-3.184866502516832121e-01
-2.947551744109054295e-01
-2.708404681430088279e-01
-2.467573976902929789e-01
-2.225209339563162525e-01
-1.981461431994019640e-01
-1.736481776669302757e-01
-1.490422661761769130e-01
-1.243437046474831359e-01
-9.956784659581716102e-02
-7.473009358642732081e-02
-4.984588566069570598e-02
-2.493069173807398176e-02
-3.674559378078647628e-15
2.493069173807373889e-02
4.984588566069546312e-02
7.473009358641999333e-02
9.956784659581692509e-02
1.243437046474829000e-01
1.490422661761696410e-01
1.736481776669300259e-01
1.981461431993947475e-01
2.225209339563090916e-01
2.467573976902927568e-01
2.708404681430017780e-01
2.947551744108984351e-01
3.184866502516829900e-01
3.420201433256648826e-01
3.653410243663888224e-01
3.884347962746927951e-01
4.112871031306072900e-01
4.338837391175580094e-01
4.562106573531605758e-01
4.782539786213135802e-01
4.999999999999993339e-01
5.214352033794952268e-01
5.425462638657544412e-01
5.633200580636209542e-01
5.837436722347867368e-01
6.038044103254722739e-01
6.234898018587320401e-01
6.427876096865359212e-01
6.616858375968540651e-01
6.801727377709174682e-01
6.982368180860691886e-01
7.158668492597181077e-01
7.330518718298290048e-01
7.497812029677350942e-01
7.660444431189773473e-01
7.818314824680319131e-01
7.971325072229229480e-01
8.119380057158555042e-01
8.262387743159964604e-01
8.400259231507715141e-01
8.532908816321543854e-01
8.660254037844397068e-01
8.782215733702283256e-01
8.898718088114672131e-01
9.009688679024198121e-01
9.115058523116728040e-01
9.214762118704062921e-01
9.308737486442045794e-01
9.396926207859078728e-01
9.479273461671304801e-01
9.555728057861408997e-01
9.626242469500114751e-01
9.690772862290785161e-01
9.749279121818236193e-01
9.801724878485432724e-01
9.848077530122083534e-01
9.888308262251284120e-01
9.922392066001716193e-01
9.950307753654015208e-01
9.972037971811800183e-01
9.987569212189221224e-01
9.996891820008162455e-01
1.000000000000000000e+00
9.996891820008162455e-01
9.987569212189223444e-01
9.972037971811797963e-01
9.950307753654019649e-01
9.922392066001712863e-01
9.888308262251289671e-01
9.848077530122077983e-01
-9.801724878485440495e-01
-9.749279121818228422e-01
-9.690772862290795153e-01
-9.626242469500105869e-01
-9.555728057861420099e-01
-9.479273461671317014e-01
-9.396926207859092051e-01
-9.308737486442034692e-01
-9.214762118704078464e-01
-9.115058523116714717e-01
-9.009688679024214775e-01
-8.898718088114691005e-01
-8.782215733702302130e-01
-8.660254037844381525e-01
-8.532908816321564949e-01
-8.400259231507698487e-01
-8.262387743159986808e-01
-8.119380057158536168e-01
-7.971325072229253905e-01
-7.818314824680299147e-01
-7.660444431189797898e-01
-7.497812029677329848e-01
-7.330518718298317804e-01
-7.158668492597157762e-01
-6.982368180860770712e-01
-6.801727377709203548e-01
-6.616858375968623918e-01
-6.427876096865389188e-01
-6.234898018587351487e-01
-6.038044103254753825e-01
-5.837436722347956186e-01
-5.633200580636241739e-01
-5.425462638657637671e-01
-5.214352033794985575e-01
-5.000000000000027756e-01
-4.782539786213170219e-01
-4.562106573531703457e-01
-4.338837391175615066e-01
-4.112871031306173375e-01
-3.884347962746964034e-01
-3.653410243663990919e-01
-3.420201433256686019e-01
-3.184866502516934261e-01
-2.947551744109021543e-01
-2.708404681430123806e-01
-2.467573976902965316e-01
-2.225209339563198330e-01
-1.981461431993985778e-01
-1.736481776669338839e-01
-1.490422661761734990e-01
-1.243437046474938357e-01
-9.956784659582082475e-02
-7.473009358643098454e-02
-4.984588566069937665e-02
-2.493069173807765590e-02
-2.443103791928822902e-16
2.493069173807716671e-02
4.984588566069179244e-02
7.473009358643049882e-02
9.956784659581326136e-02
1.243437046474863000e-01
1.490422661761730272e-01
1.736481776669334121e-01
1.981461431993981059e-01
2.225209339563193611e-01
2.467573976902891764e-01
2.708404681430050531e-01
2.947551744109017102e-01
3.184866502516862652e-01
3.420201433256681023e-01
3.653410243663986479e-01
3.884347962746893534e-01
4.112871031306103986e-01
4.338837391175546787e-01
4.562106573531636289e-01
4.782539786213165778e-01
5.000000000000023315e-01
5.214352033794921182e-01
5.425462638657633230e-01
5.633200580636178456e-01
5.837436722347895124e-01
6.038044103254749384e-01
6.234898018587347046e-01
6.427876096865384747e-01
6.616858375968620587e-01
6.801727377709148037e-01
6.982368180860716311e-01
7.158668492597155542e-01
7.330518718298265624e-01
7.497812029677326517e-01
7.660444431189794567e-01
7.818314824680252517e-01
7.971325072229207276e-01
8.119380057158533948e-01
8.262387743159943509e-01
8.400259231507695157e-01
8.532908816321562728e-01
8.660254037844343777e-01
8.782215733702299909e-01
8.898718088114655478e-01
9.009688679024182578e-01
9.115058523116712497e-01
9.214762118704076244e-01
9.308737486442006936e-01
9.396926207859089830e-01
9.479273461671292589e-01
9.555728057861397895e-01
9.626242469500104759e-01
9.690772862290776279e-01
9.749279121818227312e-01
9.801724878485439385e-01
9.848077530122064660e-01
9.888308262251278569e-01
9.922392066001711752e-01
9.950307753654011877e-01
9.972037971811797963e-01
9.987569212189223444e-01
9.996891820008160234e-01
1.000000000000000000e+00
9.996891820008161345e-01
9.987569212189225665e-01
9.972037971811801293e-01
9.950307753654016318e-01
9.922392066001717303e-01
9.888308262251285230e-01
9.848077530122072432e-01
9.801724878485448267e-01
9.749279121818237304e-01
9.690772862290786271e-01
9.626242469500115861e-01
9.555728057861410107e-01
9.479273461671305911e-01
-9.396926207859104263e-01
-9.308737486442022480e-01
-9.214762118704092897e-01
-9.115058523116729150e-01
-9.009688679024200342e-01
-8.898718088114674352e-01
-8.782215733702319893e-01
-8.660254037844364872e-01
-8.532908816321583823e-01
-8.400259231507718471e-01
-8.262387743159966824e-01
-8.119380057158557262e-01
-7.971325072229232811e-01
-7.818314824680278052e-01
-7.660444431189822323e-01
-7.497812029677354273e-01
-7.330518718298293379e-01
-7.158668492597183297e-01
-6.982368180860746287e-01
-6.801727377709179123e-01
-6.616858375968651673e-01
-6.427876096865416944e-01
-6.234898018587379243e-01
-6.038044103254782691e-01
-5.837436722347928431e-01
-5.633200580636212873e-01
-5.425462638657667647e-01
-5.214352033794956709e-01
-5.000000000000058842e-01
-4.782539786213202415e-01
-4.562106573531672926e-01
-4.338837391175584535e-01
-4.112871031306141734e-01
-3.884347962746932392e-01
-3.653410243664025336e-01
-3.420201433256720436e-01
-3.184866502516902065e-01
-2.947551744109057070e-01
-2.708404681430090499e-01
-2.467573976902932287e-01
-2.225209339563234134e-01
-1.981461431994021860e-01
-1.736481776669375199e-01
-1.490422661761771350e-01
-1.243437046474904356e-01
-9.956784659581741082e-02
-7.473009358643464828e-02
-4.984588566069594884e-02
-2.493069173808133004e-02
-3.919488737908118713e-15
2.493069173807349256e-02
4.984588566069522025e-02
7.473009358642683508e-02
9.956784659581667529e-02
1.243437046474897001e-01
1.490422661761693912e-01
1.736481776669297761e-01
1.981461431993944977e-01
2.225209339563157807e-01
2.467573976902925070e-01
2.708404681430083838e-01
2.947551744108982130e-01
3.184866502516894848e-01
3.420201433256646606e-01
3.653410243663952062e-01
3.884347962746925176e-01
4.112871031306135072e-01
4.338837391175577873e-01
4.562106573531666820e-01
4.782539786213133581e-01
4.999999999999991673e-01
5.214352033794950048e-01
5.425462638657602144e-01
5.633200580636207322e-01
5.837436722347922879e-01
6.038044103254720518e-01
6.234898018587318180e-01
6.427876096865356992e-01
6.616858375968592831e-01
6.801727377709173572e-01
6.982368180860740736e-01
7.158668492597130006e-01
7.330518718298288938e-01
7.497812029677302093e-01
7.660444431189771253e-01
7.818314824680273611e-01
7.971325072229228370e-01
8.119380057158511743e-01
8.262387743159963494e-01
8.400259231507676283e-01
8.532908816321542744e-01
8.660254037844360431e-01
8.782215733702282146e-01
8.898718088114672131e-01
9.009688679024197011e-01
9.115058523116696954e-01
9.214762118704061811e-01
9.308737486442019149e-01
9.396926207859077618e-01
9.479273461671303691e-01
9.555728057861407887e-01
9.626242469500094767e-01
9.690772862290785161e-01
9.749279121818219540e-01
9.801724878485432724e-01
9.848077530122071321e-01
9.888308262251284120e-01
9.922392066001707311e-01
9.950307753654015208e-01
9.972037971811794632e-01
9.987569212189221224e-01
9.996891820008161345e-01
1.000000000000000000e+00
9.996891820008162455e-01
9.987569212189223444e-01
9.972037971811797963e-01
9.950307753654019649e-01
9.922392066001712863e-01
9.888308262251290781e-01
9.848077530122079093e-01
9.801724878485441605e-01
9.749279121818229532e-01
9.690772862290795153e-01
9.626242469500106980e-01
9.555728057861421210e-01
9.479273461671318124e-01
9.396926207859093161e-01
9.308737486442035802e-01
9.214762118704079574e-01
-9.115058523116715827e-01
-9.009688679024215885e-01
-8.898718088114692115e-01
-8.782215733702303240e-01
-8.660254037844382635e-01
-8.532908816321566059e-01
-8.400259231507699598e-01
-8.262387743159987918e-01
-8.119380057158537278e-01
-7.971325072229255015e-01
-7.818314824680301367e-01
-7.660444431189800119e-01
-7.497812029677332069e-01
-7.330518718298318914e-01
-7.158668492597159982e-01
-6.982368180860771822e-01
-6.801727377709205768e-01
-6.616858375968626138e-01
-6.427876096865390299e-01
-6.234898018587352597e-01
-6.038044103254754935e-01
-5.837436722347958407e-01
-5.633200580636243959e-01
-5.425462638657639891e-01
-5.214352033794987795e-01
-5.000000000000029976e-01
-4.782539786213172439e-01
-4.562106573531705678e-01
-4.338837391175617286e-01
-4.112871031306175595e-01
-3.884347962746966254e-01
-3.653410243663993140e-01
-3.420201433256688239e-01
-3.184866502516936482e-01
-2.947551744109024319e-01
-2.708404681430126026e-01
-2.467573976902967814e-01
-2.225209339563200550e-01
-1.981461431993988276e-01
-1.736481776669341337e-01
-1.490422661761737488e-01
-1.243437046474940716e-01
-9.956784659582107455e-02
-7.473009358643123434e-02
-4.984588566069961951e-02
-2.493069173807790223e-02
-4.892397390223529316e-16
2.493069173807692385e-02
4.984588566069154958e-02
7.473009358643026290e-02
9.956784659581302543e-02
1.243437046474860502e-01
1.490422661761727774e-01
1.736481776669331623e-01
1.981461431993978561e-01
2.225209339563191113e-01
2.467573976902889543e-01
2.708404681430048311e-01
2.947551744109014882e-01
3.184866502516859876e-01
3.420201433256678802e-01
3.653410243663984258e-01
3.884347962746891314e-01
4.112871031306101766e-01
4.338837391175544567e-01
4.562106573531634068e-01
4.782539786213163557e-01
5.000000000000021094e-01
5.214352033794918961e-01
5.425462638657631009e-01
5.633200580636177346e-01
5.837436722347892903e-01
6.038044103254747164e-01
6.234898018587344826e-01
6.427876096865383637e-01
6.616858375968618367e-01
6.801727377709146927e-01
6.982368180860714091e-01
7.158668492597153321e-01
7.330518718298263403e-01
7.497812029677325407e-01
7.660444431189793457e-01
7.818314824680250297e-01
7.971325072229206166e-01
8.119380057158531727e-01
8.262387743159942399e-01
8.400259231507694047e-01
8.532908816321561618e-01
8.660254037844342667e-01
8.782215733702298799e-01
8.898718088114654368e-01
9.009688679024181468e-01
9.115058523116711386e-01
9.214762118704075133e-01
9.308737486442005826e-01
9.396926207859089830e-01
9.479273461671291479e-01
9.555728057861396785e-01
9.626242469500104759e-01
9.690772862290775169e-01
9.749279121818227312e-01
9.801724878485439385e-01
9.848077530122064660e-01
9.888308262251278569e-01
9.922392066001711752e-01
9.950307753654011877e-01
9.972037971811797963e-01
9.987569212189223444e-01
9.996891820008160234e-01
1.000000000000000000e+00
9.996891820008161345e-01
9.987569212189225665e-01
9.972037971811801293e-01
9.950307753654016318e-01
9.922392066001717303e-01
9.888308262251285230e-01
9.848077530122072432e-01
9.801724878485448267e-01
9.749279121818237304e-01
9.690772862290787382e-01
9.626242469500116972e-01
9.555728057861411218e-01
9.479273461671307022e-01
9.396926207859105373e-01
9.308737486442022480e-01
9.214762118704092897e-01
9.115058523116730260e-01
9.009688679024201452e-01
8.898718088114676572e-01
8.782215733702321003e-01
8.660254037844365982e-01
8.532908816321584933e-01
-8.400259231507719582e-01
-8.262387743159969045e-01
-8.119380057158559483e-01
-7.971325072229233921e-01
-7.818314824680279163e-01
-7.660444431189823433e-01
-7.497812029677355383e-01
-7.330518718298295600e-01
-7.158668492597185518e-01
-6.982368180860747398e-01
-6.801727377709180233e-01
-6.616858375968652783e-01
-6.427876096865419164e-01
-6.234898018587381463e-01
-6.038044103254784911e-01
-5.837436722347930651e-01
-5.633200580636215093e-01
-5.425462638657669867e-01
-5.214352033794958929e-01
-5.000000000000061062e-01
-4.782539786213204636e-01
-4.562106573531675147e-01
-4.338837391175586755e-01
-4.112871031306143954e-01
-3.884347962746934613e-01
-3.653410243664027557e-01
-3.420201433256722656e-01
-3.184866502516904285e-01
-2.947551744109059291e-01
-2.708404681430093275e-01
-2.467573976902934507e-01
-2.225209339563236632e-01
-1.981461431994024358e-01
-1.736481776669377419e-01
-1.490422661761773848e-01
-1.243437046474906715e-01
-9.956784659581766062e-02
-7.473009358643489808e-02
-4.984588566069619170e-02
-2.493069173808157638e-02
-4.164418097737589009e-15
2.493069173807324970e-02
4.984588566069497045e-02
7.473009358642659916e-02
9.956784659581643937e-02
1.243437046474894642e-01
1.490422661761691414e-01
1.736481776669295540e-01
1.981461431993942757e-01
2.225209339563155309e-01
2.467573976902922572e-01
2.708404681430081062e-01
2.947551744108979355e-01
3.184866502516892628e-01
3.420201433256644385e-01
3.653410243663949841e-01
3.884347962746922955e-01
4.112871031306132852e-01
4.338837391175575653e-01
4.562106573531664599e-01
4.782539786213131361e-01
4.999999999999989453e-01
5.214352033794947827e-01
5.425462638657599923e-01
5.633200580636205101e-01
5.837436722347920659e-01
6.038044103254718298e-01
6.234898018587315960e-01
6.427876096865354771e-01
6.616858375968590611e-01
6.801727377709171352e-01
6.982368180860739626e-01
7.158668492597127786e-01
7.330518718298286718e-01
7.497812029677300982e-01
7.660444431189770143e-01
7.818314824680272501e-01
7.971325072229227260e-01
8.119380057158510633e-01
8.262387743159961273e-01
8.400259231507674063e-01
8.532908816321541634e-01
8.660254037844359321e-01
8.782215733702281035e-01
8.898718088114669911e-01
9.009688679024195901e-01
9.115058523116695843e-01
9.214762118704060700e-01
9.308737486442018039e-01
9.396926207859076507e-01
9.479273461671302581e-01
9.555728057861406777e-01
9.626242469500094767e-01
9.690772862290784051e-01
9.749279121818218430e-01
9.801724878485431613e-01
9.848077530122070211e-01
9.888308262251284120e-01
9.922392066001707311e-01
9.950307753654015208e-01
9.972037971811794632e-01
9.987569212189221224e-01
9.996891820008161345e-01
1.000000000000000000e+00
9.996891820008162455e-01
9.987569212189223444e-01
9.972037971811797963e-01
9.950307753654019649e-01
9.922392066001712863e-01
9.888308262251290781e-01
9.848077530122079093e-01
9.801724878485441605e-01
9.749279121818229532e-01
9.690772862290796263e-01
9.626242469500108090e-01
9.555728057861421210e-01
9.479273461671318124e-01
9.396926207859093161e-01
9.308737486442036912e-01
9.214762118704079574e-01
9.115058523116716938e-01
9.009688679024216995e-01
8.898718088114693225e-01
8.782215733702304350e-01
8.660254037844383745e-01
8.532908816321567169e-01
8.400259231507700708e-01
8.262387743159989029e-01
8.119380057158539499e-01
7.971325072229256126e-01
-7.818314824680302477e-01
-7.660444431189801229e-01
-7.497812029677333179e-01
-7.330518718298321135e-01
-7.158668492597161093e-01
-6.982368180860774043e-01
-6.801727377709207989e-01
-6.616858375968627248e-01
-6.427876096865392519e-01
-6.234898018587354818e-01
-6.038044103254757156e-01
-5.837436722347960627e-01
-5.633200580636246180e-01
-5.425462638657641001e-01
-5.214352033794990016e-01
-5.000000000000032196e-01
-4.782539786213174660e-01
-4.562106573531707898e-01
-4.338837391175619507e-01
-4.112871031306177816e-01
-3.884347962746902971e-01
-3.653410243664061419e-01
-3.420201433256690460e-01
-3.184866502516871534e-01
-2.947551744109094263e-01
-2.708404681430128247e-01
-2.467573976902901201e-01
-2.225209339563272437e-01
-1.981461431993990774e-01
-1.736481776669343557e-01
-1.490422661761810208e-01
-1.243437046474943214e-01
-9.956784659581424668e-02
-7.473009358643856181e-02
-4.984588566069986237e-02
-2.493069173807814509e-02
-7.839596456452825087e-15
2.493069173807667752e-02
4.984588566069839827e-02
7.473009358642293543e-02
9.956784659581277563e-02
1.243437046474928642e-01
1.490422661761655054e-01
1.736481776669329125e-01
1.981461431993976341e-01
2.225209339563119504e-01
2.467573976902887045e-01
2.708404681430114369e-01
2.947551744108944383e-01
3.184866502516857656e-01
3.420201433256676582e-01
3.653410243663915424e-01
3.884347962746889094e-01
4.112871031306164493e-01
4.338837391175606184e-01
4.562106573531631848e-01
4.782539786213161337e-01
4.999999999999957256e-01
5.214352033794916741e-01
5.425462638657628789e-01
5.633200580636233967e-01
5.837436722347890683e-01
6.038044103254746053e-01
6.234898018587287094e-01
6.427876096865327016e-01
6.616858375968616146e-01
6.801727377709196887e-01
6.982368180860712981e-01
7.158668492597151101e-01
7.330518718298310032e-01
7.497812029677276557e-01
7.660444431189792347e-01
7.818314824680293595e-01
7.971325072229205055e-01
8.119380057158530617e-01
8.262387743159981257e-01
8.400259231507654079e-01
8.532908816321559398e-01
8.660254037844377084e-01
8.782215733702263272e-01
8.898718088114653257e-01
9.009688679024211444e-01
9.115058523116681410e-01
9.214762118704074023e-01
9.308737486442031361e-01
9.396926207859064295e-01
9.479273461671291479e-01
9.555728057861416769e-01
9.626242469500084775e-01
9.690772862290775169e-01
9.749279121818226201e-01
9.801724878485424952e-01
9.848077530122064660e-01
9.888308262251288561e-01
9.922392066001702871e-01
9.950307753654010767e-01
9.972037971811796853e-01
9.987569212189220114e-01
9.996891820008160234e-01
1.000000000000000000e+00
9.996891820008163565e-01
9.987569212189225665e-01
9.972037971811795742e-01
9.950307753654022980e-01
9.922392066001718414e-01
9.888308262251285230e-01
9.848077530122085754e-01
9.801724878485449377e-01
9.749279121818221761e-01
9.690772862290805145e-01
9.626242469500118082e-01
9.555728057861411218e-01
9.479273461671330336e-01
9.396926207859106484e-01
9.308737486442023590e-01
9.214762118704066252e-01
9.115058523116731370e-01
9.009688679024202562e-01
8.898718088114709879e-01
8.782215733702322114e-01
8.660254037844367092e-01
8.532908816321549406e-01
8.400259231507720692e-01
8.262387743159970155e-01
8.119380057158519515e-01
7.971325072229278330e-01
7.818314824680281383e-01
7.660444431189779024e-01
7.497812029677357604e-01
7.330518718298296710e-01
7.158668492597137778e-01
-6.982368180860800688e-01
-6.801727377709182454e-01
-6.616858375968601713e-01
-6.427876096865421385e-01
-6.234898018587383683e-01
-6.038044103254729400e-01
-5.837436722347990603e-01
-5.633200580636217314e-01
-5.425462638657612136e-01
-5.214352033795021102e-01
-5.000000000000063283e-01
-4.782539786213144128e-01
-4.562106573531740650e-01
-4.338837391175588976e-01
-4.112871031306146175e-01
-3.884347962747002336e-01
-3.653410243664029777e-01
-3.420201433256658263e-01
-3.184866502516973674e-01
-2.947551744109061511e-01
-2.708404681430095495e-01
-2.467573976903005839e-01
-2.225209339563238853e-01
-1.981461431993957190e-01
-1.736481776669309973e-01
-1.490422661761776346e-01
-1.243437046474909213e-01
-9.956784659582497421e-02
-7.473009358643514788e-02
-4.984588566069644150e-02
-2.493069173807471728e-02
-4.409347457567060094e-15
2.493069173808010880e-02
4.984588566068762910e-02
7.473009358642634936e-02
9.956784659581618957e-02
1.243437046474821644e-01
1.490422661761689194e-01
1.736481776669362986e-01
1.981461431994009925e-01
2.225209339563152811e-01
2.467573976902920352e-01
2.708404681430010563e-01
2.947551744108977134e-01
3.184866502516890407e-01
3.420201433256708778e-01
3.653410243663947621e-01
3.884347962746920735e-01
4.112871031306066238e-01
4.338837391175509040e-01
4.562106573531662379e-01
4.782539786213191868e-01
4.999999999999987232e-01
5.214352033794946717e-01
5.425462638657657655e-01
5.633200580636144039e-01
5.837436722347918439e-01
6.038044103254772699e-01
6.234898018587314850e-01
6.427876096865353661e-01
6.616858375968641681e-01
6.801727377709118061e-01
6.982368180860737406e-01
7.158668492597175526e-01
7.330518718298236758e-01
7.497812029677298762e-01
7.660444431189813441e-01
7.818314824680225872e-01
7.971325072229225039e-01
8.119380057158550601e-01
8.262387743159920195e-01
8.400259231507672952e-01
8.532908816321577161e-01
8.660254037844322683e-01
8.782215733702279925e-01
8.898718088114669911e-01
9.009688679024164815e-01
9.115058523116695843e-01
9.214762118704087346e-01
9.308737486441991393e-01
9.396926207859076507e-01
9.479273461671302581e-01
9.555728057861385683e-01
9.626242469500093657e-01
9.690772862290784051e-01
9.749279121818233973e-01
9.801724878485431613e-01
9.848077530122070211e-01
9.888308262251273018e-01
9.922392066001707311e-01
9.950307753654014098e-01
9.972037971811800183e-01
9.987569212189221224e-01
9.996891820008161345e-01
1.000000000000000000e+00
9.996891820008162455e-01
9.987569212189224555e-01
9.972037971811803514e-01
9.950307753654019649e-01
9.922392066001713973e-01
9.888308262251280789e-01
9.848077530122079093e-01
9.801724878485442716e-01
9.749279121818246185e-01
9.690772862290797374e-01
9.626242469500108090e-01
9.555728057861401226e-01
9.479273461671319234e-01
9.396926207859094271e-01
9.308737486442011377e-01
9.214762118704108440e-01
9.115058523116718048e-01
9.009688679024188129e-01
8.898718088114694336e-01
8.782215733702305460e-01
8.660254037844349329e-01
8.532908816321606027e-01
8.400259231507702928e-01
8.262387743159950171e-01
8.119380057158581687e-01
7.971325072229258346e-01
7.818314824680259179e-01
7.660444431189848968e-01
7.497812029677335399e-01
7.330518718298273395e-01
7.158668492597213273e-01
6.982368180860776263e-01
6.801727377709156919e-01
6.616858375968682759e-01
6.427876096865394739e-01
-6.234898018587357038e-01
-6.038044103254815997e-01
-5.837436722347962847e-01
-5.633200580636188448e-01
-5.425462638657703174e-01
-5.214352033794992236e-01
-5.000000000000034417e-01
-4.782539786213239053e-01
-4.562106573531710119e-01
-4.338837391175557889e-01
-4.112871031306115088e-01
-3.884347962746970695e-01
-3.653410243663997581e-01
-3.420201433256759294e-01
-3.184866502516941478e-01
-2.947551744109028760e-01
-2.708404681430062189e-01
-2.467573976902972532e-01
-2.225209339563205546e-01
-1.981461431994062661e-01
-1.736481776669416000e-01
-1.490422661761742484e-01
-1.243437046474875074e-01
-9.956784659582156027e-02
-7.473009358643172007e-02
-4.984588566069301369e-02
-2.493069173808549338e-02
-9.790984586812941159e-16
2.493069173806932923e-02
4.984588566069105692e-02
7.473009358642976330e-02
9.956784659581960351e-02
1.243437046474855645e-01
1.490422661761723055e-01
1.736481776669256960e-01
1.981461431993904176e-01
2.225209339563186395e-01
2.467573976902953659e-01
2.708404681430043315e-01
2.947551744109009886e-01
3.184866502516922604e-01
3.420201433256607748e-01
3.653410243663979262e-01
3.884347962746952376e-01
4.112871031306097325e-01
4.338837391175540126e-01
4.562106573531692910e-01
4.782539786213096944e-01
5.000000000000016653e-01
5.214352033794975583e-01
5.425462638657567727e-01
5.633200580636172905e-01
5.837436722347946194e-01
6.038044103254687212e-01
6.234898018587341495e-01
6.427876096865379196e-01
6.616858375968561745e-01
6.801727377709143596e-01
6.982368180860761830e-01
7.158668492597100030e-01
7.330518718298260072e-01
7.497812029677322077e-01
7.660444431189744607e-01
7.818314824680248076e-01
7.971325072229246134e-01
8.119380057158487318e-01
8.262387743159939069e-01
8.400259231507691826e-01
8.532908816321521650e-01
8.660254037844339337e-01
8.782215733702296578e-01
8.898718088114685454e-01
9.009688679024179248e-01
9.115058523116709166e-01
9.214762118704045157e-01
9.308737486442004716e-01
9.396926207859087610e-01
9.479273461671312573e-01
9.555728057861395675e-01
9.626242469500102539e-01
9.690772862290791823e-01
9.749279121818209548e-01
9.801724878485438275e-01
9.848077530122075762e-01
9.888308262251277458e-01
9.922392066001710642e-01
9.950307753654017429e-01
9.972037971811792412e-01
9.987569212189223444e-01
9.996891820008161345e-01
1.000000000000000000e+00
9.996891820008161345e-01
9.987569212189222334e-01
9.972037971811801293e-01
9.950307753654016318e-01
9.922392066001709532e-01
9.888308262251296332e-01
9.848077530122073542e-01
9.801724878485434944e-01
9.749279121818238414e-01
9.690772862290788492e-01
9.626242469500099208e-01
9.555728057861433422e-01
9.479273461671308132e-01
9.396926207859083169e-01
9.308737486442050235e-01
9.214762118704095117e-01
9.115058523116703615e-01
9.009688679024234759e-01
8.898718088114678793e-01
8.782215733702289917e-01
8.660254037844403729e-01
8.532908816321588263e-01
8.400259231507684055e-01
8.262387743160011233e-01
8.119380057158561703e-01
7.971325072229237252e-01
7.818314824680326902e-01
7.660444431189826764e-01
7.497812029677312085e-01
7.330518718298346670e-01
7.158668492597188848e-01
6.982368180860751838e-01
6.801727377709236855e-01
6.616858375968657224e-01
6.427876096865368094e-01
6.234898018587329283e-01
6.038044103254788242e-01
5.837436722347935092e-01
5.633200580636278376e-01
-5.425462638657674308e-01
-5.214352033794963370e-01
-5.000000000000004441e-01
-4.782539786213209076e-01
-4.562106573531679587e-01
-4.338837391175655034e-01
-4.112871031306213343e-01
-3.884347962746939054e-01
-3.653410243663965939e-01
-3.420201433256727097e-01
-3.184866502516908726e-01
-2.947551744108996008e-01
-2.708404681430165994e-01
-2.467573976902939226e-01
-2.225209339563171962e-01
-1.981461431994029077e-01
-1.736481776669382415e-01
-1.490422661761708345e-01
-1.243437046474982072e-01
-9.956784659581814634e-02
-7.473009358642830613e-02
-4.984588566070378285e-02
-2.493069173808206557e-02
2.451150540204471468e-15
2.493069173807276051e-02
4.984588566069448473e-02
7.473009358643319111e-02
9.956784659580887598e-02
1.243437046474889784e-01
1.490422661761756917e-01
1.736481776669290544e-01
1.981461431993937761e-01
2.225209339563219701e-01
2.467573976902849020e-01
2.708404681430076621e-01
2.947551744109042637e-01
3.184866502516820463e-01
3.420201433256639945e-01
3.653410243664011459e-01
3.884347962746853011e-01
4.112871031306128411e-01
4.338837391175571212e-01
4.562106573531596876e-01
4.782539786213126920e-01
5.000000000000046629e-01
5.214352033794883434e-01
5.425462638657596592e-01
5.633200580636200661e-01
5.837436722347859597e-01
6.038044103254713857e-01
6.234898018587368140e-01
6.427876096865405842e-01
6.616858375968587280e-01
6.801727377709168021e-01
6.982368180860685225e-01
7.158668492597124455e-01
7.330518718298283387e-01
7.497812029677344281e-01
7.660444431189766812e-01
7.818314824680269171e-01
7.971325072229180631e-01
8.119380057158507302e-01
8.262387743159959053e-01
8.400259231507710700e-01
8.532908816321539414e-01
8.660254037844357100e-01
8.782215733702313232e-01
8.898718088114635494e-01
9.009688679024193680e-01
9.115058523116723599e-01
9.214762118704058480e-01
9.308737486442016928e-01
9.396926207859099822e-01
9.479273461671279266e-01
9.555728057861405667e-01
9.626242469500112531e-01
9.690772862290765177e-01
9.749279121818217320e-01
9.801724878485444936e-01
9.848077530122056888e-01
9.888308262251283010e-01
9.922392066001715083e-01
9.950307753654007437e-01
9.972037971811794632e-01
9.987569212189224555e-01
9.996891820008159124e-01
1.000000000000000000e+00
9.996891820008160234e-01
9.987569212189227885e-01
9.972037971811799073e-01
9.950307753654012988e-01
9.922392066001722855e-01
9.888308262251291891e-01
9.848077530122067991e-01
9.801724878485457149e-01
9.749279121818230642e-01
9.690772862290779610e-01
9.626242469500128074e-01
9.555728057861423430e-01
9.479273461671297030e-01
9.396926207859119806e-01
9.308737486442038023e-01
9.214762118704081795e-01
9.115058523116748024e-01
9.009688679024219216e-01
8.898718088114662139e-01
8.782215733702340987e-01
8.660254037844385966e-01
8.532908816321570500e-01
8.400259231507741786e-01
8.262387743159992359e-01
8.119380057158541719e-01
7.971325072229216158e-01
7.818314824680305808e-01
7.660444431189804559e-01
7.497812029677383139e-01
7.330518718298324465e-01
7.158668492597165534e-01
6.982368180860726303e-01
6.801727377709211320e-01
6.616858375968631689e-01
6.427876096865450251e-01
6.234898018587413659e-01
6.038044103254761596e-01
5.837436722347906226e-01
5.633200580636249510e-01
5.425462638657645442e-01
5.214352033794933394e-01
5.000000000000097700e-01
4.782539786213178545e-01
-4.562106573531649056e-01
-4.338837391175623948e-01
-4.112871031306182257e-01
-3.884347962746907412e-01
-3.653410243664065860e-01
-3.420201433256694901e-01
-3.184866502516876530e-01
-2.947551744109099259e-01
-2.708404681430133243e-01
-2.467573976902906197e-01
-2.225209339563277156e-01
-1.981461431993995492e-01
-1.736481776669348553e-01
-1.490422661761814926e-01
-1.243437046474948071e-01
-9.956784659581473240e-02
-7.473009358643904754e-02
-4.984588566070035504e-02
-2.493069173807863775e-02
-8.329455176111767257e-15
2.493069173807618832e-02
4.984588566069791254e-02
7.473009358642243583e-02
9.956784659581228991e-02
1.243437046474923785e-01
1.490422661761650336e-01
1.736481776669324406e-01
1.981461431993971622e-01
2.225209339563114785e-01
2.467573976902882327e-01
2.708404681430109373e-01
2.947551744108939942e-01
3.184866502516853215e-01
3.420201433256672141e-01
3.653410243663910983e-01
3.884347962746884653e-01
4.112871031306160052e-01
4.338837391175601743e-01
4.562106573531627407e-01
4.782539786213157451e-01
4.999999999999953371e-01
5.214352033794912300e-01
5.425462638657625458e-01
5.633200580636229526e-01
5.837436722347887352e-01
6.038044103254741612e-01
6.234898018587283763e-01
6.427876096865323685e-01
6.616858375968612815e-01
6.801727377709193556e-01
6.982368180860709650e-01
7.158668492597147770e-01
7.330518718298307812e-01
7.497812029677273227e-01
7.660444431189789016e-01
7.818314824680290265e-01
7.971325072229201725e-01
8.119380057158527286e-01
8.262387743159977926e-01
8.400259231507651858e-01
8.532908816321557177e-01
8.660254037844373753e-01
8.782215733702261051e-01
8.898718088114651037e-01
9.009688679024209224e-01
9.115058523116679190e-01
9.214762118704071803e-01
9.308737486442029141e-01
9.396926207859062075e-01
9.479273461671289258e-01
9.555728057861415659e-01
9.626242469500082555e-01
9.690772862290774059e-01
9.749279121818225091e-01
9.801724878485423842e-01
9.848077530122063550e-01
9.888308262251287450e-01
9.922392066001701760e-01
9.950307753654010767e-01
9.972037971811796853e-01
9.987569212189219003e-01
9.996891820008160234e-01
1.000000000000000000e+00
9.996891820008163565e-01
9.987569212189225665e-01
9.972037971811795742e-01
9.950307753654024090e-01
9.922392066001718414e-01
9.888308262251286340e-01
9.848077530122085754e-01
9.801724878485450487e-01
9.749279121818222871e-01
9.690772862290806255e-01
9.626242469500119192e-01
9.555728057861413438e-01
9.479273461671331447e-01
9.396926207859107594e-01
9.308737486442025810e-01
9.214762118704068472e-01
9.115058523116733591e-01
9.009688679024204783e-01
8.898718088114712099e-01
8.782215733702324334e-01
8.660254037844369313e-01
8.532908816321551626e-01
8.400259231507724023e-01
8.262387743159972375e-01
8.119380057158521735e-01
7.971325072229281661e-01
7.818314824680283603e-01
7.660444431189782355e-01
7.497812029677360934e-01
7.330518718298300040e-01
7.158668492597141109e-01
6.982368180860804019e-01
6.801727377709185784e-01
6.616858375968605044e-01
6.427876096865424715e-01
6.234898018587387014e-01
6.038044103254733841e-01
5.837436722347993934e-01
5.633200580636221755e-01
5.425462638657616576e-01
5.214352033795025543e-01
5.000000000000067724e-01
4.782539786213148569e-01
4.562106573531745091e-01
4.338837391175593416e-01
4.112871031306151171e-01
3.884347962747006777e-01
3.653410243664034218e-01
-3.420201433256662704e-01
-3.184866502516978670e-01
-2.947551744109066507e-01
-2.708404681430099936e-01
-2.467573976903010557e-01
-2.225209339563243571e-01
-1.981461431993961908e-01
-1.736481776669314692e-01
-1.490422661761781065e-01
-1.243437046474914071e-01
-9.956784659582545993e-02
-7.473009358643563360e-02
-4.984588566069692722e-02
-2.493069173807520647e-02
-4.899206177226000687e-15
2.493069173807961961e-02
4.984588566068714338e-02
7.473009358642586364e-02
9.956784659581570385e-02
1.243437046474816787e-01
1.490422661761684198e-01
1.736481776669358268e-01
1.981461431994005207e-01
2.225209339563148092e-01
2.467573976902915633e-01
2.708404681430005567e-01
2.947551744108972693e-01
3.184866502516885411e-01
3.420201433256704338e-01
3.653410243663943180e-01
3.884347962746916294e-01
4.112871031306061798e-01
4.338837391175505154e-01
4.562106573531657938e-01
4.782539786213187427e-01
4.999999999999982792e-01
5.214352033794942276e-01
5.425462638657654324e-01
5.633200580636140709e-01
5.837436722347915108e-01
6.038044103254769368e-01
6.234898018587310409e-01
6.427876096865349220e-01
6.616858375968638351e-01
6.801727377709114730e-01
6.982368180860734075e-01
7.158668492597172195e-01
7.330518718298234537e-01
7.497812029677296541e-01
7.660444431189811221e-01
7.818314824680223651e-01
7.971325072229222819e-01
8.119380057158547270e-01
8.262387743159917974e-01
8.400259231507670732e-01
8.532908816321574941e-01
8.660254037844320463e-01
8.782215733702277705e-01
8.898718088114667690e-01
9.009688679024162594e-01
9.115058523116693623e-01
9.214762118704085125e-01
9.308737486441990283e-01
9.396926207859074287e-01
9.479273461671300360e-01
9.555728057861384572e-01
9.626242469500092547e-01
9.690772862290781831e-01
9.749279121818232863e-01
9.801724878485430503e-01
9.848077530122069101e-01
9.888308262251271907e-01
9.922392066001706201e-01
9.950307753654014098e-01
9.972037971811799073e-01
9.987569212189221224e-01
9.996891820008161345e-01
1.000000000000000000e+00
9.996891820008162455e-01
9.987569212189224555e-01
9.972037971811804624e-01
9.950307753654020759e-01
9.922392066001713973e-01
9.888308262251281899e-01
9.848077530122080203e-01
9.801724878485442716e-01
9.749279121818247296e-01
9.690772862290798484e-01
9.626242469500109200e-01
9.555728057861402336e-01
9.479273461671320344e-01
9.396926207859096492e-01
9.308737486442013598e-01
9.214762118704110661e-01
9.115058523116719158e-01
9.009688679024189240e-01
8.898718088114696556e-01
8.782215733702307681e-01
8.660254037844352659e-01
8.532908816321608247e-01
8.400259231507705149e-01
8.262387743159953502e-01
8.119380057158585018e-01
7.971325072229260567e-01
7.818314824680262509e-01
7.660444431189851189e-01
7.497812029677338730e-01
7.330518718298276726e-01
7.158668492597216604e-01
6.982368180860779594e-01
6.801727377709161360e-01
6.616858375968686090e-01
6.427876096865398070e-01
6.234898018587360369e-01
6.038044103254819328e-01
5.837436722347966178e-01
5.633200580636192889e-01
5.425462638657707615e-01
5.214352033794996677e-01
5.000000000000037748e-01
4.782539786213243493e-01
4.562106573531714560e-01
4.338837391175562330e-01
4.112871031306119529e-01
3.884347962746975136e-01
3.653410243664002022e-01
3.420201433256764290e-01
3.184866502516945919e-01
2.947551744109033200e-01
-2.708404681430067185e-01
-2.467573976902977251e-01
-2.225209339563210265e-01
-1.981461431994067657e-01
-1.736481776669420996e-01
-1.490422661761747203e-01
-1.243437046474879931e-01
-9.956784659582204600e-02
-7.473009358643220579e-02
-4.984588566069349941e-02
-2.493069173808598257e-02
-1.468957178340235497e-15
2.493069173806884004e-02
4.984588566069057120e-02
7.473009358642927757e-02
9.956784659581911778e-02
1.243437046474850788e-01
1.490422661761718059e-01
1.736481776669251964e-01
1.981461431993899458e-01
2.225209339563181676e-01
2.467573976902948940e-01
2.708404681430038874e-01
2.947551744109005445e-01
3.184866502516918163e-01
3.420201433256602752e-01
3.653410243663974821e-01
3.884347962746947935e-01
4.112871031306092884e-01
4.338837391175535685e-01
4.562106573531688469e-01
4.782539786213092503e-01
5.000000000000012212e-01
5.214352033794971142e-01
5.425462638657563286e-01
5.633200580636168464e-01
5.837436722347942863e-01
6.038044103254682771e-01
6.234898018587337054e-01
6.427876096865375866e-01
6.616858375968557304e-01
6.801727377709139155e-01
6.982368180860758500e-01
7.158668492597096700e-01
7.330518718298256742e-01
7.497812029677318746e-01
7.660444431189741277e-01
7.818314824680244746e-01
7.971325072229242803e-01
8.119380057158485098e-01
8.262387743159936848e-01
8.400259231507689606e-01
8.532908816321519430e-01
8.660254037844337116e-01
8.782215733702294358e-01
8.898718088114683233e-01
9.009688679024177027e-01
9.115058523116706946e-01
9.214762118704044047e-01
9.308737486442002496e-01
9.396926207859086499e-01
9.479273461671311463e-01
9.555728057861394564e-01
9.626242469500101429e-01
9.690772862290790712e-01
9.749279121818208438e-01
9.801724878485437165e-01
9.848077530122074652e-01
9.888308262251277458e-01
9.922392066001710642e-01
9.950307753654017429e-01
9.972037971811791301e-01
9.987569212189222334e-01
9.996891820008161345e-01
1.000000000000000000e+00
9.996891820008161345e-01
9.987569212189222334e-01
9.972037971811801293e-01
9.950307753654017429e-01
9.922392066001709532e-01
9.888308262251297442e-01
9.848077530122074652e-01
9.801724878485436054e-01
9.749279121818239524e-01
9.690772862290789602e-01
9.626242469500100318e-01
9.555728057861434532e-01
9.479273461671310352e-01
9.396926207859084279e-01
9.308737486442052456e-01
9.214762118704097338e-01
9.115058523116705835e-01
9.009688679024236979e-01
8.898718088114681013e-01
8.782215733702292138e-01
8.660254037844405950e-01
8.532908816321590484e-01
8.400259231507686275e-01
8.262387743160014564e-01
8.119380057158565034e-01
7.971325072229240583e-01
7.818314824680330233e-01
7.660444431189830095e-01
7.497812029677315415e-01
7.330518718298350000e-01
7.158668492597192179e-01
